#                                                                                         --- full sequence --- -------------- this domain -------------   hmm coord   ali coord   env coord
# target name                     accession   tlen query name           accession   qlen   E-value  score  bias   #  of  c-Evalue  i-Evalue  score  bias  from    to  from    to  from    to  acc description of target
#             ------------------- ---------- ----- -------------------- ---------- ----- --------- ------ ----- --- --- --------- --------- ------ ----- ----- ----- ----- ----- ----- ----- ---- ---------------------
NZ_VBRW01000005.1:147711-149150|- -            480 1529at2085           -            392  3.1e-153  505.8  18.9   1   2  9.5e-148  2.3e-145  479.9  13.0     1   341     1   372     1   387 0.90 NZ_VBRW01000005.1_113 # 147711 # 149150 # -1 # ID=5_113;partial=00;start_type=ATG;rbs_motif=None;rbs_spacer=None;gc_cont=0.308
NZ_VBRW01000005.1:147711-149150|- -            480 1529at2085           -            392  3.1e-153  505.8  18.9   2   2   5.7e-09   1.4e-06   23.0   0.5   334   386   386   448   377   451 0.85 NZ_VBRW01000005.1_113 # 147711 # 149150 # -1 # ID=5_113;partial=00;start_type=ATG;rbs_motif=None;rbs_spacer=None;gc_cont=0.308
NZ_VBRW01000001.1:165998-167365|+ -            456 1529at2085           -            392   1.3e-08   29.7   1.6   1   2   2.4e-06   0.00058   14.4   0.6    80   159   141   222   113   273 0.76 NZ_VBRW01000001.1_117 # 165998 # 167365 # 1 # ID=1_117;partial=00;start_type=ATG;rbs_motif=AGGA;rbs_spacer=5-10bp;gc_cont=0.299
NZ_VBRW01000001.1:165998-167365|+ -            456 1529at2085           -            392   1.3e-08   29.7   1.6   2   2   2.5e-06   0.00059   14.3   0.0   295   341   394   440   354   454 0.85 NZ_VBRW01000001.1_117 # 165998 # 167365 # 1 # ID=1_117;partial=00;start_type=ATG;rbs_motif=AGGA;rbs_spacer=5-10bp;gc_cont=0.299
NZ_VBRW01000003.1:72351-73592|+   -            414 1529at2085           -            392   1.3e-06   23.1   0.1   1   2      0.04       9.5    0.5   0.2   306   368    37   101    18   105 0.75 NZ_VBRW01000003.1_52 # 72351 # 73592 # 1 # ID=3_52;partial=00;start_type=ATG;rbs_motif=None;rbs_spacer=None;gc_cont=0.316
NZ_VBRW01000003.1:72351-73592|+   -            414 1529at2085           -            392   1.3e-06   23.1   0.1   2   2   4.2e-08     1e-05   20.2   0.0   103   246   225   377   162   400 0.80 NZ_VBRW01000003.1_52 # 72351 # 73592 # 1 # ID=3_52;partial=00;start_type=ATG;rbs_motif=None;rbs_spacer=None;gc_cont=0.316
#
# Program:         hmmsearch
# Version:         3.4 (Aug 2023)
# Pipeline mode:   SEARCH
# Query file:      /home/lgef/Documentos/GitHub/Project_doctoral/IMPLEMENTACAO/Genomes/M_hyopneumoniae/MHP_ncbi_dataset/ncbi_dataset/data/strains/UFV01/Use/busco_downloads/lineages/mycoplasmatales_odb10/hmms/1529at2085.hmm
# Target file:     /home/lgef/Documentos/GitHub/Project_doctoral/IMPLEMENTACAO/Genomes/M_hyopneumoniae/MHP_ncbi_dataset/ncbi_dataset/data/strains/UFV01/Use/busco_draft/prodigal_output/predicted_genes/predicted.faa
# Option settings: hmmsearch --domtblout /home/lgef/Documentos/GitHub/Project_doctoral/IMPLEMENTACAO/Genomes/M_hyopneumoniae/MHP_ncbi_dataset/ncbi_dataset/data/strains/UFV01/Use/busco_draft/run_mycoplasmatales_odb10/hmmer_output/1529at2085.out --cpu 1 /home/lgef/Documentos/GitHub/Project_doctoral/IMPLEMENTACAO/Genomes/M_hyopneumoniae/MHP_ncbi_dataset/ncbi_dataset/data/strains/UFV01/Use/busco_downloads/lineages/mycoplasmatales_odb10/hmms/1529at2085.hmm /home/lgef/Documentos/GitHub/Project_doctoral/IMPLEMENTACAO/Genomes/M_hyopneumoniae/MHP_ncbi_dataset/ncbi_dataset/data/strains/UFV01/Use/busco_draft/prodigal_output/predicted_genes/predicted.faa 
# Current dir:     /home/lgef/Documentos/GitHub/Project_doctoral/IMPLEMENTACAO/Genomes/M_hyopneumoniae/MHP_ncbi_dataset/ncbi_dataset/data/strains/UFV01/Use
# Date:            Thu Nov 28 19:30:37 2024
# [ok]
