#                                                                                       --- full sequence --- -------------- this domain -------------   hmm coord   ali coord   env coord
# target name                   accession   tlen query name           accession   qlen   E-value  score  bias   #  of  c-Evalue  i-Evalue  score  bias  from    to  from    to  from    to  acc description of target
#           ------------------- ---------- ----- -------------------- ---------- ----- --------- ------ ----- --- --- --------- --------- ------ ----- ----- ----- ----- ----- ----- ----- ---- ---------------------
NZ_QQRA01000028.1:433-1782|+    -            450 1184at2085           -            356  8.2e-139  457.9   8.3   1   1  1.6e-140    3e-138  456.1   8.3     1   356    22   449    22   449 0.82 NZ_QQRA01000028.1_1 # 433 # 1782 # 1 # ID=21_1;partial=00;start_type=ATG;rbs_motif=None;rbs_spacer=None;gc_cont=0.320
NZ_QQRA01000008.1:8774-9775|+   -            334 1184at2085           -            356     6e-25   83.4   2.7   1   1   4.8e-27   8.7e-25   82.8   2.7   127   352    81   328    74   331 0.77 NZ_QQRA01000008.1_6 # 8774 # 9775 # 1 # ID=82_6;partial=00;start_type=ATG;rbs_motif=AGGA/GGAG/GAGG;rbs_spacer=11-12bp;gc_cont=0.258
NZ_QQRA01000002.1:535-2238|-    -            568 1184at2085           -            356   1.6e-11   39.2   0.4   1   2   6.3e-07   0.00011   16.7   0.3    25   196    64   252    19   294 0.67 NZ_QQRA01000002.1_2 # 535 # 2238 # -1 # ID=23_2;partial=00;start_type=ATG;rbs_motif=GGA/GAG/AGG;rbs_spacer=5-10bp;gc_cont=0.323
NZ_QQRA01000002.1:535-2238|-    -            568 1184at2085           -            356   1.6e-11   39.2   0.4   2   2   4.5e-08   8.1e-06   20.4   0.0   266   354   442   541   433   543 0.65 NZ_QQRA01000002.1_2 # 535 # 2238 # -1 # ID=23_2;partial=00;start_type=ATG;rbs_motif=GGA/GAG/AGG;rbs_spacer=5-10bp;gc_cont=0.323
NZ_QQRA01000002.1:50420-51886|- -            489 1184at2085           -            356   1.7e-10   35.8   1.0   1   2   2.9e-07   5.2e-05   17.8   1.3   138   235   231   331    95   345 0.82 NZ_QQRA01000002.1_36 # 50420 # 51886 # -1 # ID=23_36;partial=00;start_type=ATG;rbs_motif=GGA/GAG/AGG;rbs_spacer=11-12bp;gc_cont=0.312
NZ_QQRA01000002.1:50420-51886|- -            489 1184at2085           -            356   1.7e-10   35.8   1.0   2   2   1.4e-06   0.00025   15.5   0.0   321   350   454   483   430   487 0.88 NZ_QQRA01000002.1_36 # 50420 # 51886 # -1 # ID=23_36;partial=00;start_type=ATG;rbs_motif=GGA/GAG/AGG;rbs_spacer=11-12bp;gc_cont=0.312
#
# Program:         hmmsearch
# Version:         3.4 (Aug 2023)
# Pipeline mode:   SEARCH
# Query file:      /home/lgef/Documentos/GitHub/Project_doctoral/IMPLEMENTACAO/Genomes/M_hyopneumoniae/MHP_ncbi_dataset/ncbi_dataset/data/strains/MHP682/Use/busco_downloads/lineages/mycoplasmatales_odb10/hmms/1184at2085.hmm
# Target file:     /home/lgef/Documentos/GitHub/Project_doctoral/IMPLEMENTACAO/Genomes/M_hyopneumoniae/MHP_ncbi_dataset/ncbi_dataset/data/strains/MHP682/Use/busco_draft/prodigal_output/predicted_genes/predicted.faa
# Option settings: hmmsearch --domtblout /home/lgef/Documentos/GitHub/Project_doctoral/IMPLEMENTACAO/Genomes/M_hyopneumoniae/MHP_ncbi_dataset/ncbi_dataset/data/strains/MHP682/Use/busco_draft/run_mycoplasmatales_odb10/hmmer_output/1184at2085.out --cpu 1 /home/lgef/Documentos/GitHub/Project_doctoral/IMPLEMENTACAO/Genomes/M_hyopneumoniae/MHP_ncbi_dataset/ncbi_dataset/data/strains/MHP682/Use/busco_downloads/lineages/mycoplasmatales_odb10/hmms/1184at2085.hmm /home/lgef/Documentos/GitHub/Project_doctoral/IMPLEMENTACAO/Genomes/M_hyopneumoniae/MHP_ncbi_dataset/ncbi_dataset/data/strains/MHP682/Use/busco_draft/prodigal_output/predicted_genes/predicted.faa 
# Current dir:     /home/lgef/Documentos/GitHub/Project_doctoral/IMPLEMENTACAO/Genomes/M_hyopneumoniae/MHP_ncbi_dataset/ncbi_dataset/data/strains/MHP682/Use
# Date:            Thu Nov 28 19:38:55 2024
# [ok]
