#                                                                                       --- full sequence --- -------------- this domain -------------   hmm coord   ali coord   env coord
# target name                   accession   tlen query name           accession   qlen   E-value  score  bias   #  of  c-Evalue  i-Evalue  score  bias  from    to  from    to  from    to  acc description of target
#           ------------------- ---------- ----- -------------------- ---------- ----- --------- ------ ----- --- --- --------- --------- ------ ----- ----- ----- ----- ----- ----- ----- ---- ---------------------
NZ_QQRA01000028.1:6873-7829|+   -            319 1978at2085           -            276  1.7e-109  361.1  12.5   1   1  1.4e-111  2.6e-109  360.5  12.5     1   275     8   313     8   314 0.92 NZ_QQRA01000028.1_6 # 6873 # 7829 # 1 # ID=21_6;partial=00;start_type=ATG;rbs_motif=None;rbs_spacer=None;gc_cont=0.316
NZ_QQRA01000009.1:13466-15619|- -            718 1978at2085           -            276     1e-07   27.3   9.7   1   1   4.5e-09   8.3e-07   24.3   9.7     1   226    15   259    15   307 0.57 NZ_QQRA01000009.1_15 # 13466 # 15619 # -1 # ID=85_15;partial=00;start_type=GTG;rbs_motif=GGA/GAG/AGG;rbs_spacer=5-10bp;gc_cont=0.262
NZ_QQRA01000001.1:12762-13451|- -            230 1978at2085           -            276   4.3e-05   18.6   2.0   1   2   0.00032     0.059    8.4   0.0    36    58     9    31     5    61 0.88 NZ_QQRA01000001.1_14 # 12762 # 13451 # -1 # ID=12_14;partial=00;start_type=ATG;rbs_motif=4Base/6BMM;rbs_spacer=13-15bp;gc_cont=0.299
NZ_QQRA01000001.1:12762-13451|- -            230 1978at2085           -            276   4.3e-05   18.6   2.0   2   2   0.00013     0.025    9.6   0.6    93   167   122   195    79   228 0.74 NZ_QQRA01000001.1_14 # 12762 # 13451 # -1 # ID=12_14;partial=00;start_type=ATG;rbs_motif=4Base/6BMM;rbs_spacer=13-15bp;gc_cont=0.299
NZ_QQRA01000002.1:52009-54156|- -            716 1978at2085           -            276    0.0001   17.4   0.0   1   2   2.1e-06   0.00038   15.5   0.0    30    96   260   334   226   338 0.73 NZ_QQRA01000002.1_37 # 52009 # 54156 # -1 # ID=23_37;partial=00;start_type=ATG;rbs_motif=GGAGG;rbs_spacer=5-10bp;gc_cont=0.369
NZ_QQRA01000002.1:52009-54156|- -            716 1978at2085           -            276    0.0001   17.4   0.0   2   2      0.81   1.5e+02   -2.8   0.0   160   190   401   435   368   452 0.52 NZ_QQRA01000002.1_37 # 52009 # 54156 # -1 # ID=23_37;partial=00;start_type=ATG;rbs_motif=GGAGG;rbs_spacer=5-10bp;gc_cont=0.369
#
# Program:         hmmsearch
# Version:         3.4 (Aug 2023)
# Pipeline mode:   SEARCH
# Query file:      /home/lgef/Documentos/GitHub/Project_doctoral/IMPLEMENTACAO/Genomes/M_hyopneumoniae/MHP_ncbi_dataset/ncbi_dataset/data/strains/MHP682/Use/busco_downloads/lineages/mycoplasmatales_odb10/hmms/1978at2085.hmm
# Target file:     /home/lgef/Documentos/GitHub/Project_doctoral/IMPLEMENTACAO/Genomes/M_hyopneumoniae/MHP_ncbi_dataset/ncbi_dataset/data/strains/MHP682/Use/busco_draft/prodigal_output/predicted_genes/predicted.faa
# Option settings: hmmsearch --domtblout /home/lgef/Documentos/GitHub/Project_doctoral/IMPLEMENTACAO/Genomes/M_hyopneumoniae/MHP_ncbi_dataset/ncbi_dataset/data/strains/MHP682/Use/busco_draft/run_mycoplasmatales_odb10/hmmer_output/1978at2085.out --cpu 1 /home/lgef/Documentos/GitHub/Project_doctoral/IMPLEMENTACAO/Genomes/M_hyopneumoniae/MHP_ncbi_dataset/ncbi_dataset/data/strains/MHP682/Use/busco_downloads/lineages/mycoplasmatales_odb10/hmms/1978at2085.hmm /home/lgef/Documentos/GitHub/Project_doctoral/IMPLEMENTACAO/Genomes/M_hyopneumoniae/MHP_ncbi_dataset/ncbi_dataset/data/strains/MHP682/Use/busco_draft/prodigal_output/predicted_genes/predicted.faa 
# Current dir:     /home/lgef/Documentos/GitHub/Project_doctoral/IMPLEMENTACAO/Genomes/M_hyopneumoniae/MHP_ncbi_dataset/ncbi_dataset/data/strains/MHP682/Use
# Date:            Thu Nov 28 19:38:56 2024
# [ok]
