#                                                                                       --- full sequence --- -------------- this domain -------------   hmm coord   ali coord   env coord
# target name                   accession   tlen query name           accession   qlen   E-value  score  bias   #  of  c-Evalue  i-Evalue  score  bias  from    to  from    to  from    to  acc description of target
#           ------------------- ---------- ----- -------------------- ---------- ----- --------- ------ ----- --- --- --------- --------- ------ ----- ----- ----- ----- ----- ----- ----- ---- ---------------------
NZ_QQQY01000018.1:9338-10687|-  -            450 1184at2085           -            356  7.9e-139  457.9   8.3   1   1  1.6e-140  2.8e-138  456.1   8.3     1   356    22   449    22   449 0.82 NZ_QQQY01000018.1_9 # 9338 # 10687 # -1 # ID=9_9;partial=00;start_type=ATG;rbs_motif=None;rbs_spacer=None;gc_cont=0.320
NZ_QQQY01000001.1:24471-25472|+ -            334 1184at2085           -            356   5.8e-25   83.4   2.7   1   1   4.8e-27   8.4e-25   82.8   2.7   127   352    81   328    74   331 0.77 NZ_QQQY01000001.1_21 # 24471 # 25472 # 1 # ID=11_21;partial=00;start_type=GTG;rbs_motif=AGGA/GGAG/GAGG;rbs_spacer=11-12bp;gc_cont=0.259
NZ_QQQY01000004.1:15057-16760|+ -            568 1184at2085           -            356   1.7e-11   39.1   0.4   1   2   6.6e-07   0.00012   16.6   0.3    25   196    64   252    19   294 0.67 NZ_QQQY01000004.1_13 # 15057 # 16760 # 1 # ID=42_13;partial=00;start_type=ATG;rbs_motif=GGA/GAG/AGG;rbs_spacer=5-10bp;gc_cont=0.323
NZ_QQQY01000004.1:15057-16760|+ -            568 1184at2085           -            356   1.7e-11   39.1   0.4   2   2   4.5e-08   7.8e-06   20.4   0.0   266   354   442   541   433   543 0.65 NZ_QQQY01000004.1_13 # 15057 # 16760 # 1 # ID=42_13;partial=00;start_type=ATG;rbs_motif=GGA/GAG/AGG;rbs_spacer=5-10bp;gc_cont=0.323
NZ_QQQY01000013.1:8289-9755|+   -            489 1184at2085           -            356   1.5e-10   36.0   1.6   1   2     3e-07   5.3e-05   17.7   2.1   138   240   231   336   113   346 0.84 NZ_QQQY01000013.1_8 # 8289 # 9755 # 1 # ID=4_8;partial=00;start_type=ATG;rbs_motif=GGA/GAG/AGG;rbs_spacer=11-12bp;gc_cont=0.310
NZ_QQQY01000013.1:8289-9755|+   -            489 1184at2085           -            356   1.5e-10   36.0   1.6   2   2   1.4e-06   0.00024   15.5   0.0   321   350   454   483   430   487 0.88 NZ_QQQY01000013.1_8 # 8289 # 9755 # 1 # ID=4_8;partial=00;start_type=ATG;rbs_motif=GGA/GAG/AGG;rbs_spacer=11-12bp;gc_cont=0.310
#
# Program:         hmmsearch
# Version:         3.4 (Aug 2023)
# Pipeline mode:   SEARCH
# Query file:      /home/lgef/Documentos/GitHub/Project_doctoral/IMPLEMENTACAO/Genomes/M_hyopneumoniae/MHP_ncbi_dataset/ncbi_dataset/data/strains/MHP694/Use/busco_downloads/lineages/mycoplasmatales_odb10/hmms/1184at2085.hmm
# Target file:     /home/lgef/Documentos/GitHub/Project_doctoral/IMPLEMENTACAO/Genomes/M_hyopneumoniae/MHP_ncbi_dataset/ncbi_dataset/data/strains/MHP694/Use/busco_draft/prodigal_output/predicted_genes/predicted.faa
# Option settings: hmmsearch --domtblout /home/lgef/Documentos/GitHub/Project_doctoral/IMPLEMENTACAO/Genomes/M_hyopneumoniae/MHP_ncbi_dataset/ncbi_dataset/data/strains/MHP694/Use/busco_draft/run_mycoplasmatales_odb10/hmmer_output/1184at2085.out --cpu 1 /home/lgef/Documentos/GitHub/Project_doctoral/IMPLEMENTACAO/Genomes/M_hyopneumoniae/MHP_ncbi_dataset/ncbi_dataset/data/strains/MHP694/Use/busco_downloads/lineages/mycoplasmatales_odb10/hmms/1184at2085.hmm /home/lgef/Documentos/GitHub/Project_doctoral/IMPLEMENTACAO/Genomes/M_hyopneumoniae/MHP_ncbi_dataset/ncbi_dataset/data/strains/MHP694/Use/busco_draft/prodigal_output/predicted_genes/predicted.faa 
# Current dir:     /home/lgef/Documentos/GitHub/Project_doctoral/IMPLEMENTACAO/Genomes/M_hyopneumoniae/MHP_ncbi_dataset/ncbi_dataset/data/strains/MHP694/Use
# Date:            Thu Nov 28 19:35:39 2024
# [ok]
