#                                                                                       --- full sequence --- -------------- this domain -------------   hmm coord   ali coord   env coord
# target name                   accession   tlen query name           accession   qlen   E-value  score  bias   #  of  c-Evalue  i-Evalue  score  bias  from    to  from    to  from    to  acc description of target
#           ------------------- ---------- ----- -------------------- ---------- ----- --------- ------ ----- --- --- --------- --------- ------ ----- ----- ----- ----- ----- ----- ----- ---- ---------------------
NZ_QQQY01000018.1:3291-4247|-   -            319 1978at2085           -            276  1.6e-109  361.1  12.5   1   1  1.4e-111  2.5e-109  360.5  12.5     1   275     8   313     8   314 0.92 NZ_QQQY01000018.1_4 # 3291 # 4247 # -1 # ID=9_4;partial=00;start_type=ATG;rbs_motif=None;rbs_spacer=None;gc_cont=0.318
NZ_QQQY01000004.1:33356-35509|+ -            718 1978at2085           -            276   8.5e-08   27.5   9.6   1   1   4.1e-09   7.1e-07   24.4   9.6     1   226    15   259    15   306 0.57 NZ_QQQY01000004.1_27 # 33356 # 35509 # 1 # ID=42_27;partial=00;start_type=GTG;rbs_motif=GGA/GAG/AGG;rbs_spacer=5-10bp;gc_cont=0.264
NZ_QQQY01000003.1:5066-5755|-   -            230 1978at2085           -            276   2.8e-05   19.2   2.1   1   2    0.0002     0.035    9.0   0.0    36    58     9    31     5    61 0.88 NZ_QQQY01000003.1_7 # 5066 # 5755 # -1 # ID=31_7;partial=00;start_type=ATG;rbs_motif=4Base/6BMM;rbs_spacer=13-15bp;gc_cont=0.300
NZ_QQQY01000003.1:5066-5755|-   -            230 1978at2085           -            276   2.8e-05   19.2   2.1   2   2   0.00013     0.024    9.6   0.6    93   167   122   195    79   228 0.74 NZ_QQQY01000003.1_7 # 5066 # 5755 # -1 # ID=31_7;partial=00;start_type=ATG;rbs_motif=4Base/6BMM;rbs_spacer=13-15bp;gc_cont=0.300
NZ_QQQY01000013.1:6019-8166|+   -            716 1978at2085           -            276   9.9e-05   17.4   0.0   1   2   2.1e-06   0.00037   15.5   0.0    30    96   260   334   226   338 0.73 NZ_QQQY01000013.1_7 # 6019 # 8166 # 1 # ID=4_7;partial=00;start_type=ATG;rbs_motif=GGAGG;rbs_spacer=5-10bp;gc_cont=0.370
NZ_QQQY01000013.1:6019-8166|+   -            716 1978at2085           -            276   9.9e-05   17.4   0.0   2   2      0.81   1.4e+02   -2.8   0.0   160   190   401   435   368   452 0.52 NZ_QQQY01000013.1_7 # 6019 # 8166 # 1 # ID=4_7;partial=00;start_type=ATG;rbs_motif=GGAGG;rbs_spacer=5-10bp;gc_cont=0.370
#
# Program:         hmmsearch
# Version:         3.4 (Aug 2023)
# Pipeline mode:   SEARCH
# Query file:      /home/lgef/Documentos/GitHub/Project_doctoral/IMPLEMENTACAO/Genomes/M_hyopneumoniae/MHP_ncbi_dataset/ncbi_dataset/data/strains/MHP694/Use/busco_downloads/lineages/mycoplasmatales_odb10/hmms/1978at2085.hmm
# Target file:     /home/lgef/Documentos/GitHub/Project_doctoral/IMPLEMENTACAO/Genomes/M_hyopneumoniae/MHP_ncbi_dataset/ncbi_dataset/data/strains/MHP694/Use/busco_draft/prodigal_output/predicted_genes/predicted.faa
# Option settings: hmmsearch --domtblout /home/lgef/Documentos/GitHub/Project_doctoral/IMPLEMENTACAO/Genomes/M_hyopneumoniae/MHP_ncbi_dataset/ncbi_dataset/data/strains/MHP694/Use/busco_draft/run_mycoplasmatales_odb10/hmmer_output/1978at2085.out --cpu 1 /home/lgef/Documentos/GitHub/Project_doctoral/IMPLEMENTACAO/Genomes/M_hyopneumoniae/MHP_ncbi_dataset/ncbi_dataset/data/strains/MHP694/Use/busco_downloads/lineages/mycoplasmatales_odb10/hmms/1978at2085.hmm /home/lgef/Documentos/GitHub/Project_doctoral/IMPLEMENTACAO/Genomes/M_hyopneumoniae/MHP_ncbi_dataset/ncbi_dataset/data/strains/MHP694/Use/busco_draft/prodigal_output/predicted_genes/predicted.faa 
# Current dir:     /home/lgef/Documentos/GitHub/Project_doctoral/IMPLEMENTACAO/Genomes/M_hyopneumoniae/MHP_ncbi_dataset/ncbi_dataset/data/strains/MHP694/Use
# Date:            Thu Nov 28 19:35:40 2024
# [ok]
