#                                                                                         --- full sequence --- -------------- this domain -------------   hmm coord   ali coord   env coord
# target name                     accession   tlen query name           accession   qlen   E-value  score  bias   #  of  c-Evalue  i-Evalue  score  bias  from    to  from    to  from    to  acc description of target
#             ------------------- ---------- ----- -------------------- ---------- ----- --------- ------ ----- --- --- --------- --------- ------ ----- ----- ----- ----- ----- ----- ----- ---- ---------------------
NZ_QQRD01000002.1:101566-103305|- -            580 539at2085            -            541  1.1e-246  814.8  16.3   1   1  6.6e-249  1.3e-246  814.6  16.3     1   540     8   573     8   574 0.97 NZ_QQRD01000002.1_104 # 101566 # 103305 # -1 # ID=17_104;partial=00;start_type=ATG;rbs_motif=None;rbs_spacer=None;gc_cont=0.297
NZ_QQRD01000006.1:15333-16271|-   -            313 539at2085            -            541   1.3e-08   29.0   2.4   1   2   6.7e-11   1.3e-08   29.0   2.4   408   532    70   206    62   214 0.74 NZ_QQRD01000006.1_13 # 15333 # 16271 # -1 # ID=21_13;partial=01;start_type=Edge;rbs_motif=None;rbs_spacer=None;gc_cont=0.313
NZ_QQRD01000006.1:15333-16271|-   -            313 539at2085            -            541   1.3e-08   29.0   2.4   2   2      0.17        34   -2.1   0.0    49    82   219   251   209   304 0.45 NZ_QQRD01000006.1_13 # 15333 # 16271 # -1 # ID=21_13;partial=01;start_type=Edge;rbs_motif=None;rbs_spacer=None;gc_cont=0.313
NZ_QQRD01000003.1:45556-46797|+   -            414 539at2085            -            541   0.00039   14.3   0.7   1   3       0.4        78   -3.3   0.4    74    84    52    62    13    99 0.48 NZ_QQRD01000003.1_35 # 45556 # 46797 # 1 # ID=18_35;partial=00;start_type=ATG;rbs_motif=None;rbs_spacer=None;gc_cont=0.332
NZ_QQRD01000003.1:45556-46797|+   -            414 539at2085            -            541   0.00039   14.3   0.7   2   3   1.2e-05    0.0022   11.7   0.0   173   362   156   347   129   352 0.76 NZ_QQRD01000003.1_35 # 45556 # 46797 # 1 # ID=18_35;partial=00;start_type=ATG;rbs_motif=None;rbs_spacer=None;gc_cont=0.332
NZ_QQRD01000003.1:45556-46797|+   -            414 539at2085            -            541   0.00039   14.3   0.7   3   3     0.033       6.4    0.3   0.0   412   449   362   397   355   408 0.80 NZ_QQRD01000003.1_35 # 45556 # 46797 # 1 # ID=18_35;partial=00;start_type=ATG;rbs_motif=None;rbs_spacer=None;gc_cont=0.332
#
# Program:         hmmsearch
# Version:         3.1b2 (February 2015)
# Pipeline mode:   SEARCH
# Query file:      /home/lgef/Documentos/GitHub/Project_doctoral/IMPLEMENTACAO/Genomes/M_flocculare/MFC_ncbi_dataset/ncbi_dataset/data/strains/MF22/Use/busco_downloads/lineages/mycoplasmatales_odb10/hmms/539at2085.hmm
# Target file:     /home/lgef/Documentos/GitHub/Project_doctoral/IMPLEMENTACAO/Genomes/M_flocculare/MFC_ncbi_dataset/ncbi_dataset/data/strains/MF22/Use/busco_draft/prodigal_output/predicted_genes/predicted.faa
# Option settings: hmmsearch --domtblout /home/lgef/Documentos/GitHub/Project_doctoral/IMPLEMENTACAO/Genomes/M_flocculare/MFC_ncbi_dataset/ncbi_dataset/data/strains/MF22/Use/busco_draft/run_mycoplasmatales_odb10/hmmer_output/539at2085.out --cpu 1 /home/lgef/Documentos/GitHub/Project_doctoral/IMPLEMENTACAO/Genomes/M_flocculare/MFC_ncbi_dataset/ncbi_dataset/data/strains/MF22/Use/busco_downloads/lineages/mycoplasmatales_odb10/hmms/539at2085.hmm /home/lgef/Documentos/GitHub/Project_doctoral/IMPLEMENTACAO/Genomes/M_flocculare/MFC_ncbi_dataset/ncbi_dataset/data/strains/MF22/Use/busco_draft/prodigal_output/predicted_genes/predicted.faa 
# Current dir:     /home/lgef/Documentos/GitHub/Project_doctoral/IMPLEMENTACAO/Genomes/M_flocculare/MFC_ncbi_dataset/ncbi_dataset/data/strains/MF22/Use
# Date:            Fri Nov 29 10:06:31 2024
# [ok]
