#                                                                                     --- full sequence --- -------------- this domain -------------   hmm coord   ali coord   env coord
# target name                 accession   tlen query name           accession   qlen   E-value  score  bias   #  of  c-Evalue  i-Evalue  score  bias  from    to  from    to  from    to  acc description of target
#         ------------------- ---------- ----- -------------------- ---------- ----- --------- ------ ----- --- --- --------- --------- ------ ----- ----- ----- ----- ----- ----- ----- ---- ---------------------
NZ_LR214993.1:29676-30356|-   -            227 2452at2085           -            224   1.4e-70  232.8   0.3   1   1   6.5e-73   1.6e-70  232.6   0.3    32   220    14   221     5   226 0.86 NZ_LR214993.1_31 # 29676 # 30356 # -1 # ID=2_31;partial=00;start_type=ATG;rbs_motif=GGA/GAG/AGG;rbs_spacer=11-12bp;gc_cont=0.295
NZ_LR214993.1:118759-120225|- -            489 2452at2085           -            224   9.3e-07   24.1   0.5   1   3   4.7e-06    0.0012   14.0   0.1    91   144   236   287   215   303 0.85 NZ_LR214993.1_96 # 118759 # 120225 # -1 # ID=2_96;partial=00;start_type=ATG;rbs_motif=GGA/GAG/AGG;rbs_spacer=11-12bp;gc_cont=0.311
NZ_LR214993.1:118759-120225|- -            489 2452at2085           -            224   9.3e-07   24.1   0.5   2   3      0.15        38   -0.8   0.0    10    49   323   366   314   371 0.73 NZ_LR214993.1_96 # 118759 # 120225 # -1 # ID=2_96;partial=00;start_type=ATG;rbs_motif=GGA/GAG/AGG;rbs_spacer=11-12bp;gc_cont=0.311
NZ_LR214993.1:118759-120225|- -            489 2452at2085           -            224   9.3e-07   24.1   0.5   3   3    0.0011      0.26    6.3   0.0   193   213   457   477   440   480 0.90 NZ_LR214993.1_96 # 118759 # 120225 # -1 # ID=2_96;partial=00;start_type=ATG;rbs_motif=GGA/GAG/AGG;rbs_spacer=11-12bp;gc_cont=0.311
NZ_LR214992.1:402111-403112|- -            334 2452at2085           -            224   0.00016   16.7   0.8   1   2   3.8e-05    0.0093   11.0   0.2    89   148    97   153    70   165 0.75 NZ_LR214992.1_296 # 402111 # 403112 # -1 # ID=1_296;partial=00;start_type=GTG;rbs_motif=AGGA/GGAG/GAGG;rbs_spacer=11-12bp;gc_cont=0.258
NZ_LR214992.1:402111-403112|- -            334 2452at2085           -            224   0.00016   16.7   0.8   2   2    0.0057       1.4    3.9   0.0   192   213   299   320   289   324 0.87 NZ_LR214992.1_296 # 402111 # 403112 # -1 # ID=1_296;partial=00;start_type=GTG;rbs_motif=AGGA/GGAG/GAGG;rbs_spacer=11-12bp;gc_cont=0.258
#
# Program:         hmmsearch
# Version:         3.4 (Aug 2023)
# Pipeline mode:   SEARCH
# Query file:      /home/bryan/Documentos/GitHub/Project_doctoral/IMPLEMENTACAO/Genomes/M_hyopneumoniae/strains/NCTC10127/Use/busco_downloads/lineages/mycoplasmatales_odb10/hmms/2452at2085.hmm
# Target file:     /home/bryan/Documentos/GitHub/Project_doctoral/IMPLEMENTACAO/Genomes/M_hyopneumoniae/strains/NCTC10127/Use/busco_complete/prodigal_output/predicted_genes/predicted.faa
# Option settings: hmmsearch --domtblout /home/bryan/Documentos/GitHub/Project_doctoral/IMPLEMENTACAO/Genomes/M_hyopneumoniae/strains/NCTC10127/Use/busco_complete/run_mycoplasmatales_odb10/hmmer_output/2452at2085.out --cpu 1 /home/bryan/Documentos/GitHub/Project_doctoral/IMPLEMENTACAO/Genomes/M_hyopneumoniae/strains/NCTC10127/Use/busco_downloads/lineages/mycoplasmatales_odb10/hmms/2452at2085.hmm /home/bryan/Documentos/GitHub/Project_doctoral/IMPLEMENTACAO/Genomes/M_hyopneumoniae/strains/NCTC10127/Use/busco_complete/prodigal_output/predicted_genes/predicted.faa 
# Current dir:     /home/bryan/Documentos/GitHub/Project_doctoral/IMPLEMENTACAO/Genomes/M_hyopneumoniae/strains/NCTC10127/Use
# Date:            Sun Dec  1 19:04:57 2024
# [ok]
