#                                                                                       --- full sequence --- -------------- this domain -------------   hmm coord   ali coord   env coord
# target name                   accession   tlen query name           accession   qlen   E-value  score  bias   #  of  c-Evalue  i-Evalue  score  bias  from    to  from    to  from    to  acc description of target
#           ------------------- ---------- ----- -------------------- ---------- ----- --------- ------ ----- --- --- --------- --------- ------ ----- ----- ----- ----- ----- ----- ----- ---- ---------------------
NZ_QQRL01000013.1:3291-4247|-   -            319 1978at2085           -            276  1.8e-109  361.1  12.5   1   1  1.4e-111  2.6e-109  360.5  12.5     1   275     8   313     8   314 0.92 NZ_QQRL01000013.1_4 # 3291 # 4247 # -1 # ID=8_4;partial=00;start_type=ATG;rbs_motif=None;rbs_spacer=None;gc_cont=0.316
NZ_QQRL01000012.1:8024-10177|-  -            718 1978at2085           -            276     1e-07   27.3   9.7   1   1   4.5e-09   8.5e-07   24.3   9.7     1   226    15   259    15   307 0.57 NZ_QQRL01000012.1_11 # 8024 # 10177 # -1 # ID=7_11;partial=00;start_type=GTG;rbs_motif=GGA/GAG/AGG;rbs_spacer=5-10bp;gc_cont=0.262
NZ_QQRL01000001.1:56422-57111|+ -            230 1978at2085           -            276   3.6e-05   18.9   2.1   1   2   0.00032     0.061    8.4   0.0    36    58     9    31     5    61 0.88 NZ_QQRL01000001.1_46 # 56422 # 57111 # 1 # ID=15_46;partial=00;start_type=ATG;rbs_motif=4Base/6BMM;rbs_spacer=13-15bp;gc_cont=0.297
NZ_QQRL01000001.1:56422-57111|+ -            230 1978at2085           -            276   3.6e-05   18.9   2.1   2   2    0.0001      0.02   10.0   0.7    93   168   122   196    77   228 0.74 NZ_QQRL01000001.1_46 # 56422 # 57111 # 1 # ID=15_46;partial=00;start_type=ATG;rbs_motif=4Base/6BMM;rbs_spacer=13-15bp;gc_cont=0.297
NZ_QQRL01000010.1:6700-8847|+   -            716 1978at2085           -            276   0.00011   17.4   0.0   1   2   2.1e-06    0.0004   15.5   0.0    30    96   260   334   226   338 0.73 NZ_QQRL01000010.1_8 # 6700 # 8847 # 1 # ID=5_8;partial=00;start_type=ATG;rbs_motif=GGAGG;rbs_spacer=5-10bp;gc_cont=0.369
NZ_QQRL01000010.1:6700-8847|+   -            716 1978at2085           -            276   0.00011   17.4   0.0   2   2      0.81   1.5e+02   -2.8   0.0   160   190   401   435   368   452 0.52 NZ_QQRL01000010.1_8 # 6700 # 8847 # 1 # ID=5_8;partial=00;start_type=ATG;rbs_motif=GGAGG;rbs_spacer=5-10bp;gc_cont=0.369
#
# Program:         hmmsearch
# Version:         3.4 (Aug 2023)
# Pipeline mode:   SEARCH
# Query file:      /home/lgef/Documentos/GitHub/Project_doctoral/IMPLEMENTACAO/Genomes/M_hyopneumoniae/MHP_ncbi_dataset/ncbi_dataset/data/strains/MHP679/Use/busco_downloads/lineages/mycoplasmatales_odb10/hmms/1978at2085.hmm
# Target file:     /home/lgef/Documentos/GitHub/Project_doctoral/IMPLEMENTACAO/Genomes/M_hyopneumoniae/MHP_ncbi_dataset/ncbi_dataset/data/strains/MHP679/Use/busco_draft/prodigal_output/predicted_genes/predicted.faa
# Option settings: hmmsearch --domtblout /home/lgef/Documentos/GitHub/Project_doctoral/IMPLEMENTACAO/Genomes/M_hyopneumoniae/MHP_ncbi_dataset/ncbi_dataset/data/strains/MHP679/Use/busco_draft/run_mycoplasmatales_odb10/hmmer_output/1978at2085.out --cpu 1 /home/lgef/Documentos/GitHub/Project_doctoral/IMPLEMENTACAO/Genomes/M_hyopneumoniae/MHP_ncbi_dataset/ncbi_dataset/data/strains/MHP679/Use/busco_downloads/lineages/mycoplasmatales_odb10/hmms/1978at2085.hmm /home/lgef/Documentos/GitHub/Project_doctoral/IMPLEMENTACAO/Genomes/M_hyopneumoniae/MHP_ncbi_dataset/ncbi_dataset/data/strains/MHP679/Use/busco_draft/prodigal_output/predicted_genes/predicted.faa 
# Current dir:     /home/lgef/Documentos/GitHub/Project_doctoral/IMPLEMENTACAO/Genomes/M_hyopneumoniae/MHP_ncbi_dataset/ncbi_dataset/data/strains/MHP679/Use
# Date:            Thu Nov 28 19:39:45 2024
# [ok]
