#                                                                                         --- full sequence --- -------------- this domain -------------   hmm coord   ali coord   env coord
# target name                     accession   tlen query name           accession   qlen   E-value  score  bias   #  of  c-Evalue  i-Evalue  score  bias  from    to  from    to  from    to  acc description of target
#             ------------------- ---------- ----- -------------------- ---------- ----- --------- ------ ----- --- --- --------- --------- ------ ----- ----- ----- ----- ----- ----- ----- ---- ---------------------
NZ_VBRV01000004.1:181709-183058|+ -            450 1184at2085           -            356    2e-138  456.7   8.3   1   1  3.7e-140  6.9e-138  454.9   8.3     1   356    22   449    22   449 0.82 NZ_VBRV01000004.1_151 # 181709 # 183058 # 1 # ID=4_151;partial=00;start_type=ATG;rbs_motif=None;rbs_spacer=None;gc_cont=0.323
NZ_VBRV01000005.1:53203-54204|-   -            334 1184at2085           -            356   6.2e-25   83.4   2.7   1   1   4.8e-27     9e-25   82.8   2.7   127   352    81   328    74   331 0.77 NZ_VBRV01000005.1_37 # 53203 # 54204 # -1 # ID=5_37;partial=00;start_type=ATG;rbs_motif=AGGA/GGAG/GAGG;rbs_spacer=11-12bp;gc_cont=0.257
NZ_VBRV01000002.1:58205-59908|+   -            568 1184at2085           -            356   5.4e-11   37.5   0.3   1   2     2e-06   0.00038   15.0   0.2    25   196    64   252    19   294 0.67 NZ_VBRV01000002.1_43 # 58205 # 59908 # 1 # ID=2_43;partial=00;start_type=ATG;rbs_motif=GGA/GAG/AGG;rbs_spacer=5-10bp;gc_cont=0.322
NZ_VBRV01000002.1:58205-59908|+   -            568 1184at2085           -            356   5.4e-11   37.5   0.3   2   2   4.5e-08   8.4e-06   20.4   0.0   266   354   442   541   433   543 0.65 NZ_VBRV01000002.1_43 # 58205 # 59908 # 1 # ID=2_43;partial=00;start_type=ATG;rbs_motif=GGA/GAG/AGG;rbs_spacer=5-10bp;gc_cont=0.322
NZ_VBRV01000002.1:8897-10363|+    -            489 1184at2085           -            356   1.8e-10   35.8   1.2   1   2   3.1e-07   5.8e-05   17.7   1.6   138   234   231   330    95   345 0.83 NZ_VBRV01000002.1_9 # 8897 # 10363 # 1 # ID=2_9;partial=00;start_type=ATG;rbs_motif=GGA/GAG/AGG;rbs_spacer=11-12bp;gc_cont=0.311
NZ_VBRV01000002.1:8897-10363|+    -            489 1184at2085           -            356   1.8e-10   35.8   1.2   2   2   1.4e-06   0.00026   15.5   0.0   321   350   454   483   430   487 0.88 NZ_VBRV01000002.1_9 # 8897 # 10363 # 1 # ID=2_9;partial=00;start_type=ATG;rbs_motif=GGA/GAG/AGG;rbs_spacer=11-12bp;gc_cont=0.311
#
# Program:         hmmsearch
# Version:         3.4 (Aug 2023)
# Pipeline mode:   SEARCH
# Query file:      /home/bryan/Documentos/GitHub/Project_doctoral/IMPLEMENTACAO/Genomes/M_hyopneumoniae/strains/UFV02/Use/busco_downloads/lineages/mycoplasmatales_odb10/hmms/1184at2085.hmm
# Target file:     /home/bryan/Documentos/GitHub/Project_doctoral/IMPLEMENTACAO/Genomes/M_hyopneumoniae/strains/UFV02/Use/busco_draft/prodigal_output/predicted_genes/predicted.faa
# Option settings: hmmsearch --domtblout /home/bryan/Documentos/GitHub/Project_doctoral/IMPLEMENTACAO/Genomes/M_hyopneumoniae/strains/UFV02/Use/busco_draft/run_mycoplasmatales_odb10/hmmer_output/1184at2085.out --cpu 1 /home/bryan/Documentos/GitHub/Project_doctoral/IMPLEMENTACAO/Genomes/M_hyopneumoniae/strains/UFV02/Use/busco_downloads/lineages/mycoplasmatales_odb10/hmms/1184at2085.hmm /home/bryan/Documentos/GitHub/Project_doctoral/IMPLEMENTACAO/Genomes/M_hyopneumoniae/strains/UFV02/Use/busco_draft/prodigal_output/predicted_genes/predicted.faa 
# Current dir:     /home/bryan/Documentos/GitHub/Project_doctoral/IMPLEMENTACAO/Genomes/M_hyopneumoniae/strains/UFV02/Use
# Date:            Sun Dec  1 19:12:25 2024
# [ok]
