#                                                                                         --- full sequence --- -------------- this domain -------------   hmm coord   ali coord   env coord
# target name                     accession   tlen query name           accession   qlen   E-value  score  bias   #  of  c-Evalue  i-Evalue  score  bias  from    to  from    to  from    to  acc description of target
#             ------------------- ---------- ----- -------------------- ---------- ----- --------- ------ ----- --- --- --------- --------- ------ ----- ----- ----- ----- ----- ----- ----- ---- ---------------------
NZ_VBRV01000004.1:188149-189105|+ -            319 1978at2085           -            276  1.8e-109  361.1  12.5   1   1  1.4e-111  2.6e-109  360.5  12.5     1   275     8   313     8   314 0.92 NZ_VBRV01000004.1_156 # 188149 # 189105 # 1 # ID=4_156;partial=00;start_type=ATG;rbs_motif=None;rbs_spacer=None;gc_cont=0.316
NZ_VBRV01000003.1:2521-4674|+     -            718 1978at2085           -            276     1e-07   27.3   9.7   1   1   4.5e-09   8.6e-07   24.3   9.7     1   226    15   259    15   307 0.57 NZ_VBRV01000003.1_5 # 2521 # 4674 # 1 # ID=3_5;partial=00;start_type=GTG;rbs_motif=GGA/GAG/AGG;rbs_spacer=5-10bp;gc_cont=0.267
NZ_VBRV01000001.1:5473-6162|+     -            230 1978at2085           -            276   3.3e-05   19.1   2.2   1   2   0.00023     0.044    8.8   0.0    36    57     9    30     5    46 0.87 NZ_VBRV01000001.1_5 # 5473 # 6162 # 1 # ID=1_5;partial=00;start_type=ATG;rbs_motif=4Base/6BMM;rbs_spacer=13-15bp;gc_cont=0.299
NZ_VBRV01000001.1:5473-6162|+     -            230 1978at2085           -            276   3.3e-05   19.1   2.2   2   2   0.00014     0.025    9.6   0.6    93   167   122   195    79   228 0.74 NZ_VBRV01000001.1_5 # 5473 # 6162 # 1 # ID=1_5;partial=00;start_type=ATG;rbs_motif=4Base/6BMM;rbs_spacer=13-15bp;gc_cont=0.299
NZ_VBRV01000002.1:6628-8775|+     -            716 1978at2085           -            276   0.00011   17.4   0.0   1   2   2.1e-06    0.0004   15.5   0.0    30    96   260   334   226   338 0.73 NZ_VBRV01000002.1_8 # 6628 # 8775 # 1 # ID=2_8;partial=00;start_type=ATG;rbs_motif=GGAGG;rbs_spacer=5-10bp;gc_cont=0.370
NZ_VBRV01000002.1:6628-8775|+     -            716 1978at2085           -            276   0.00011   17.4   0.0   2   2      0.81   1.5e+02   -2.8   0.0   160   190   401   435   368   452 0.52 NZ_VBRV01000002.1_8 # 6628 # 8775 # 1 # ID=2_8;partial=00;start_type=ATG;rbs_motif=GGAGG;rbs_spacer=5-10bp;gc_cont=0.370
#
# Program:         hmmsearch
# Version:         3.4 (Aug 2023)
# Pipeline mode:   SEARCH
# Query file:      /home/bryan/Documentos/GitHub/Project_doctoral/IMPLEMENTACAO/Genomes/M_hyopneumoniae/strains/UFV02/Use/busco_downloads/lineages/mycoplasmatales_odb10/hmms/1978at2085.hmm
# Target file:     /home/bryan/Documentos/GitHub/Project_doctoral/IMPLEMENTACAO/Genomes/M_hyopneumoniae/strains/UFV02/Use/busco_draft/prodigal_output/predicted_genes/predicted.faa
# Option settings: hmmsearch --domtblout /home/bryan/Documentos/GitHub/Project_doctoral/IMPLEMENTACAO/Genomes/M_hyopneumoniae/strains/UFV02/Use/busco_draft/run_mycoplasmatales_odb10/hmmer_output/1978at2085.out --cpu 1 /home/bryan/Documentos/GitHub/Project_doctoral/IMPLEMENTACAO/Genomes/M_hyopneumoniae/strains/UFV02/Use/busco_downloads/lineages/mycoplasmatales_odb10/hmms/1978at2085.hmm /home/bryan/Documentos/GitHub/Project_doctoral/IMPLEMENTACAO/Genomes/M_hyopneumoniae/strains/UFV02/Use/busco_draft/prodigal_output/predicted_genes/predicted.faa 
# Current dir:     /home/bryan/Documentos/GitHub/Project_doctoral/IMPLEMENTACAO/Genomes/M_hyopneumoniae/strains/UFV02/Use
# Date:            Sun Dec  1 19:12:28 2024
# [ok]
