#                                                                                       --- full sequence --- -------------- this domain -------------   hmm coord   ali coord   env coord
# target name                   accession   tlen query name           accession   qlen   E-value  score  bias   #  of  c-Evalue  i-Evalue  score  bias  from    to  from    to  from    to  acc description of target
#           ------------------- ---------- ----- -------------------- ---------- ----- --------- ------ ----- --- --- --------- --------- ------ ----- ----- ----- ----- ----- ----- ----- ---- ---------------------
NZ_QQQY01000007.1:26699-27379|- -            227 2452at2085           -            224     2e-70  232.2   0.2   1   1     1e-72   2.4e-70  232.0   0.2    35   220    17   221     5   226 0.86 NZ_QQQY01000007.1_29 # 26699 # 27379 # -1 # ID=49_29;partial=00;start_type=ATG;rbs_motif=GGA/GAG/AGG;rbs_spacer=11-12bp;gc_cont=0.298
NZ_QQQY01000013.1:8289-9755|+   -            489 2452at2085           -            224   7.9e-07   24.2   0.5   1   3   4.7e-06    0.0011   14.0   0.1    91   144   236   287   215   303 0.85 NZ_QQQY01000013.1_8 # 8289 # 9755 # 1 # ID=4_8;partial=00;start_type=ATG;rbs_motif=GGA/GAG/AGG;rbs_spacer=11-12bp;gc_cont=0.310
NZ_QQQY01000013.1:8289-9755|+   -            489 2452at2085           -            224   7.9e-07   24.2   0.5   2   3      0.13        29   -0.5   0.0     8    49   321   366   314   371 0.74 NZ_QQQY01000013.1_8 # 8289 # 9755 # 1 # ID=4_8;partial=00;start_type=ATG;rbs_motif=GGA/GAG/AGG;rbs_spacer=11-12bp;gc_cont=0.310
NZ_QQQY01000013.1:8289-9755|+   -            489 2452at2085           -            224   7.9e-07   24.2   0.5   3   3    0.0011      0.25    6.3   0.0   193   213   457   477   440   480 0.90 NZ_QQQY01000013.1_8 # 8289 # 9755 # 1 # ID=4_8;partial=00;start_type=ATG;rbs_motif=GGA/GAG/AGG;rbs_spacer=11-12bp;gc_cont=0.310
NZ_QQQY01000001.1:24471-25472|+ -            334 2452at2085           -            224   0.00015   16.7   0.8   1   2   3.8e-05    0.0088   11.0   0.2    89   148    97   153    70   165 0.75 NZ_QQQY01000001.1_21 # 24471 # 25472 # 1 # ID=11_21;partial=00;start_type=GTG;rbs_motif=AGGA/GGAG/GAGG;rbs_spacer=11-12bp;gc_cont=0.259
NZ_QQQY01000001.1:24471-25472|+ -            334 2452at2085           -            224   0.00015   16.7   0.8   2   2    0.0057       1.3    3.9   0.0   192   213   299   320   289   324 0.87 NZ_QQQY01000001.1_21 # 24471 # 25472 # 1 # ID=11_21;partial=00;start_type=GTG;rbs_motif=AGGA/GGAG/GAGG;rbs_spacer=11-12bp;gc_cont=0.259
#
# Program:         hmmsearch
# Version:         3.4 (Aug 2023)
# Pipeline mode:   SEARCH
# Query file:      /home/bryan/Documentos/GitHub/Project_doctoral/IMPLEMENTACAO/Genomes/M_hyopneumoniae/strains/MHP694/Use/busco_downloads/lineages/mycoplasmatales_odb10/hmms/2452at2085.hmm
# Target file:     /home/bryan/Documentos/GitHub/Project_doctoral/IMPLEMENTACAO/Genomes/M_hyopneumoniae/strains/MHP694/Use/busco_draft/prodigal_output/predicted_genes/predicted.faa
# Option settings: hmmsearch --domtblout /home/bryan/Documentos/GitHub/Project_doctoral/IMPLEMENTACAO/Genomes/M_hyopneumoniae/strains/MHP694/Use/busco_draft/run_mycoplasmatales_odb10/hmmer_output/2452at2085.out --cpu 1 /home/bryan/Documentos/GitHub/Project_doctoral/IMPLEMENTACAO/Genomes/M_hyopneumoniae/strains/MHP694/Use/busco_downloads/lineages/mycoplasmatales_odb10/hmms/2452at2085.hmm /home/bryan/Documentos/GitHub/Project_doctoral/IMPLEMENTACAO/Genomes/M_hyopneumoniae/strains/MHP694/Use/busco_draft/prodigal_output/predicted_genes/predicted.faa 
# Current dir:     /home/bryan/Documentos/GitHub/Project_doctoral/IMPLEMENTACAO/Genomes/M_hyopneumoniae/strains/MHP694/Use
# Date:            Sun Dec  1 19:18:41 2024
# [ok]
