#                                                                                       --- full sequence --- -------------- this domain -------------   hmm coord   ali coord   env coord
# target name                   accession   tlen query name           accession   qlen   E-value  score  bias   #  of  c-Evalue  i-Evalue  score  bias  from    to  from    to  from    to  acc description of target
#           ------------------- ---------- ----- -------------------- ---------- ----- --------- ------ ----- --- --- --------- --------- ------ ----- ----- ----- ----- ----- ----- ----- ---- ---------------------
NZ_WTQC01000005.1:38717-40156|- -            480 1529at2085           -            392  2.2e-153  506.3  18.3   1   2  6.8e-148  1.6e-145  480.4  12.7     1   341     1   372     1   387 0.90 NZ_WTQC01000005.1_30 # 38717 # 40156 # -1 # ID=15_30;partial=00;start_type=ATG;rbs_motif=None;rbs_spacer=None;gc_cont=0.311
NZ_WTQC01000005.1:38717-40156|- -            480 1529at2085           -            392  2.2e-153  506.3  18.3   2   2   5.4e-09   1.2e-06   23.1   0.4   334   386   386   448   376   451 0.85 NZ_WTQC01000005.1_30 # 38717 # 40156 # -1 # ID=15_30;partial=00;start_type=ATG;rbs_motif=None;rbs_spacer=None;gc_cont=0.311
NZ_WTQC01000003.1:37123-38490|+ -            456 1529at2085           -            392   1.1e-08   29.8   1.3   1   2   2.5e-06   0.00058   14.3   0.4    82   159   143   222   119   274 0.76 NZ_WTQC01000003.1_37 # 37123 # 38490 # 1 # ID=13_37;partial=00;start_type=ATG;rbs_motif=AGGA;rbs_spacer=5-10bp;gc_cont=0.302
NZ_WTQC01000003.1:37123-38490|+ -            456 1529at2085           -            392   1.1e-08   29.8   1.3   2   2   2.5e-06   0.00059   14.3   0.0   295   341   394   440   354   454 0.85 NZ_WTQC01000003.1_37 # 37123 # 38490 # 1 # ID=13_37;partial=00;start_type=ATG;rbs_motif=AGGA;rbs_spacer=5-10bp;gc_cont=0.302
NZ_WTQC01000006.1:48673-49914|- -            414 1529at2085           -            392   3.1e-07   25.1   0.1   1   2      0.04       9.3    0.5   0.2   306   368    37   101    18   105 0.75 NZ_WTQC01000006.1_45 # 48673 # 49914 # -1 # ID=16_45;partial=00;start_type=ATG;rbs_motif=None;rbs_spacer=None;gc_cont=0.316
NZ_WTQC01000006.1:48673-49914|- -            414 1529at2085           -            392   3.1e-07   25.1   0.1   2   2   1.1e-08   2.4e-06   22.1   0.0   103   260   225   395   162   409 0.79 NZ_WTQC01000006.1_45 # 48673 # 49914 # -1 # ID=16_45;partial=00;start_type=ATG;rbs_motif=None;rbs_spacer=None;gc_cont=0.316
#
# Program:         hmmsearch
# Version:         3.4 (Aug 2023)
# Pipeline mode:   SEARCH
# Query file:      /home/bryan/Documentos/GitHub/Project_doctoral/IMPLEMENTACAO/Genomes/M_hyopneumoniae/strains/98/Use/busco_downloads/lineages/mycoplasmatales_odb10/hmms/1529at2085.hmm
# Target file:     /home/bryan/Documentos/GitHub/Project_doctoral/IMPLEMENTACAO/Genomes/M_hyopneumoniae/strains/98/Use/busco_draft/prodigal_output/predicted_genes/predicted.faa
# Option settings: hmmsearch --domtblout /home/bryan/Documentos/GitHub/Project_doctoral/IMPLEMENTACAO/Genomes/M_hyopneumoniae/strains/98/Use/busco_draft/run_mycoplasmatales_odb10/hmmer_output/1529at2085.out --cpu 1 /home/bryan/Documentos/GitHub/Project_doctoral/IMPLEMENTACAO/Genomes/M_hyopneumoniae/strains/98/Use/busco_downloads/lineages/mycoplasmatales_odb10/hmms/1529at2085.hmm /home/bryan/Documentos/GitHub/Project_doctoral/IMPLEMENTACAO/Genomes/M_hyopneumoniae/strains/98/Use/busco_draft/prodigal_output/predicted_genes/predicted.faa 
# Current dir:     /home/bryan/Documentos/GitHub/Project_doctoral/IMPLEMENTACAO/Genomes/M_hyopneumoniae/strains/98/Use
# Date:            Sun Dec  1 19:11:06 2024
# [ok]
