#                                                                                       --- full sequence --- -------------- this domain -------------   hmm coord   ali coord   env coord
# target name                   accession   tlen query name           accession   qlen   E-value  score  bias   #  of  c-Evalue  i-Evalue  score  bias  from    to  from    to  from    to  acc description of target
#           ------------------- ---------- ----- -------------------- ---------- ----- --------- ------ ----- --- --- --------- --------- ------ ----- ----- ----- ----- ----- ----- ----- ---- ---------------------
NZ_WTQC01000005.1:62895-63851|+ -            319 1978at2085           -            276  1.5e-109  361.2  12.7   1   1  1.3e-111  2.3e-109  360.6  12.7     1   275     8   313     8   314 0.91 NZ_WTQC01000005.1_52 # 62895 # 63851 # 1 # ID=15_52;partial=00;start_type=ATG;rbs_motif=None;rbs_spacer=None;gc_cont=0.320
NZ_WTQC01000006.1:43598-45751|- -            718 1978at2085           -            276   9.7e-08   27.3   9.7   1   1   4.5e-09   7.9e-07   24.3   9.7     1   226    15   259    15   307 0.57 NZ_WTQC01000006.1_41 # 43598 # 45751 # -1 # ID=16_41;partial=00;start_type=GTG;rbs_motif=GGA/GAG/AGG;rbs_spacer=5-10bp;gc_cont=0.266
NZ_WTQC01000003.1:58387-59076|+ -            230 1978at2085           -            276   4.1e-05   18.6   2.0   1   2   0.00032     0.056    8.4   0.0    36    58     9    31     5    61 0.88 NZ_WTQC01000003.1_49 # 58387 # 59076 # 1 # ID=13_49;partial=00;start_type=ATG;rbs_motif=4Base/6BMM;rbs_spacer=13-15bp;gc_cont=0.297
NZ_WTQC01000003.1:58387-59076|+ -            230 1978at2085           -            276   4.1e-05   18.6   2.0   2   2   0.00013     0.023    9.6   0.6    93   167   122   195    79   228 0.74 NZ_WTQC01000003.1_49 # 58387 # 59076 # 1 # ID=13_49;partial=00;start_type=ATG;rbs_motif=4Base/6BMM;rbs_spacer=13-15bp;gc_cont=0.297
NZ_WTQC01000007.1:7685-9832|+   -            716 1978at2085           -            276   9.9e-05   17.4   0.0   1   2   2.1e-06   0.00037   15.5   0.0    30    96   260   334   226   338 0.73 NZ_WTQC01000007.1_8 # 7685 # 9832 # 1 # ID=17_8;partial=00;start_type=ATG;rbs_motif=GGAGG;rbs_spacer=5-10bp;gc_cont=0.367
NZ_WTQC01000007.1:7685-9832|+   -            716 1978at2085           -            276   9.9e-05   17.4   0.0   2   2      0.81   1.4e+02   -2.8   0.0   160   190   401   435   368   452 0.52 NZ_WTQC01000007.1_8 # 7685 # 9832 # 1 # ID=17_8;partial=00;start_type=ATG;rbs_motif=GGAGG;rbs_spacer=5-10bp;gc_cont=0.367
#
# Program:         hmmsearch
# Version:         3.4 (Aug 2023)
# Pipeline mode:   SEARCH
# Query file:      /home/bryan/Documentos/GitHub/Project_doctoral/IMPLEMENTACAO/Genomes/M_hyopneumoniae/strains/98/Use/busco_downloads/lineages/mycoplasmatales_odb10/hmms/1978at2085.hmm
# Target file:     /home/bryan/Documentos/GitHub/Project_doctoral/IMPLEMENTACAO/Genomes/M_hyopneumoniae/strains/98/Use/busco_draft/prodigal_output/predicted_genes/predicted.faa
# Option settings: hmmsearch --domtblout /home/bryan/Documentos/GitHub/Project_doctoral/IMPLEMENTACAO/Genomes/M_hyopneumoniae/strains/98/Use/busco_draft/run_mycoplasmatales_odb10/hmmer_output/1978at2085.out --cpu 1 /home/bryan/Documentos/GitHub/Project_doctoral/IMPLEMENTACAO/Genomes/M_hyopneumoniae/strains/98/Use/busco_downloads/lineages/mycoplasmatales_odb10/hmms/1978at2085.hmm /home/bryan/Documentos/GitHub/Project_doctoral/IMPLEMENTACAO/Genomes/M_hyopneumoniae/strains/98/Use/busco_draft/prodigal_output/predicted_genes/predicted.faa 
# Current dir:     /home/bryan/Documentos/GitHub/Project_doctoral/IMPLEMENTACAO/Genomes/M_hyopneumoniae/strains/98/Use
# Date:            Sun Dec  1 19:11:07 2024
# [ok]
