#                                                                                   --- full sequence --- -------------- this domain -------------   hmm coord   ali coord   env coord
# target name               accession   tlen query name           accession   qlen   E-value  score  bias   #  of  c-Evalue  i-Evalue  score  bias  from    to  from    to  from    to  acc description of target
#       ------------------- ---------- ----- -------------------- ---------- ----- --------- ------ ----- --- --- --------- --------- ------ ----- ----- ----- ----- ----- ----- ----- ---- ---------------------
scf00000000:158256-159212|+ -            319 1978at2085           -            276  1.6e-109  361.1  12.5   1   1  1.4e-111  2.4e-109  360.5  12.5     1   275     8   313     8   314 0.92 scf00000000_123 # 158256 # 159212 # 1 # ID=1_123;partial=00;start_type=ATG;rbs_motif=None;rbs_spacer=None;gc_cont=0.316
scf00000001:40640-42805|-   -            722 1978at2085           -            276     6e-07   24.6   9.4   1   2   3.5e-09     6e-07   24.6   9.4     1   226    15   259    15   307 0.57 scf00000001_38 # 40640 # 42805 # -1 # ID=2_38;partial=00;start_type=GTG;rbs_motif=GGA/GAG/AGG;rbs_spacer=5-10bp;gc_cont=0.262
scf00000001:40640-42805|-   -            722 1978at2085           -            276     6e-07   24.6   9.4   2   2      0.55        94   -2.2   0.5   192   216   607   630   511   690 0.48 scf00000001_38 # 40640 # 42805 # -1 # ID=2_38;partial=00;start_type=GTG;rbs_motif=GGA/GAG/AGG;rbs_spacer=5-10bp;gc_cont=0.262
scf00000000:624983-625672|+ -            230 1978at2085           -            276   2.8e-05   19.1   2.0   1   2   0.00023      0.04    8.8   0.0    36    57     9    30     5    46 0.87 scf00000000_449 # 624983 # 625672 # 1 # ID=1_449;partial=00;start_type=ATG;rbs_motif=4Base/6BMM;rbs_spacer=13-15bp;gc_cont=0.300
scf00000000:624983-625672|+ -            230 1978at2085           -            276   2.8e-05   19.1   2.0   2   2   0.00014     0.024    9.5   0.5    94   167   123   195    80   227 0.75 scf00000000_449 # 624983 # 625672 # 1 # ID=1_449;partial=00;start_type=ATG;rbs_motif=4Base/6BMM;rbs_spacer=13-15bp;gc_cont=0.300
scf00000001:110537-112684|- -            716 1978at2085           -            276   0.00011   17.3   0.0   1   2   2.2e-06   0.00037   15.5   0.0    30    96   260   334   226   337 0.73 scf00000001_87 # 110537 # 112684 # -1 # ID=2_87;partial=00;start_type=ATG;rbs_motif=GGAGG;rbs_spacer=5-10bp;gc_cont=0.366
scf00000001:110537-112684|- -            716 1978at2085           -            276   0.00011   17.3   0.0   2   2       1.1   1.9e+02   -3.2   0.0   160   190   401   435   369   451 0.55 scf00000001_87 # 110537 # 112684 # -1 # ID=2_87;partial=00;start_type=ATG;rbs_motif=GGAGG;rbs_spacer=5-10bp;gc_cont=0.366
#
# Program:         hmmsearch
# Version:         3.4 (Aug 2023)
# Pipeline mode:   SEARCH
# Query file:      /home/bryan/Documentos/GitHub/Project_doctoral/IMPLEMENTACAO/Genomes/M_hyopneumoniae/strains/11/Use/busco_downloads/lineages/mycoplasmatales_odb10/hmms/1978at2085.hmm
# Target file:     /home/bryan/Documentos/GitHub/Project_doctoral/IMPLEMENTACAO/Genomes/M_hyopneumoniae/strains/11/Use/busco_complete/prodigal_output/predicted_genes/predicted.faa
# Option settings: hmmsearch --domtblout /home/bryan/Documentos/GitHub/Project_doctoral/IMPLEMENTACAO/Genomes/M_hyopneumoniae/strains/11/Use/busco_complete/run_mycoplasmatales_odb10/hmmer_output/1978at2085.out --cpu 1 /home/bryan/Documentos/GitHub/Project_doctoral/IMPLEMENTACAO/Genomes/M_hyopneumoniae/strains/11/Use/busco_downloads/lineages/mycoplasmatales_odb10/hmms/1978at2085.hmm /home/bryan/Documentos/GitHub/Project_doctoral/IMPLEMENTACAO/Genomes/M_hyopneumoniae/strains/11/Use/busco_complete/prodigal_output/predicted_genes/predicted.faa 
# Current dir:     /home/bryan/Documentos/GitHub/Project_doctoral/IMPLEMENTACAO/Genomes/M_hyopneumoniae/strains/11/Use
# Date:            Sun Dec  1 19:10:37 2024
# [ok]
