#                                                                                   --- full sequence --- -------------- this domain -------------   hmm coord   ali coord   env coord
# target name               accession   tlen query name           accession   qlen   E-value  score  bias   #  of  c-Evalue  i-Evalue  score  bias  from    to  from    to  from    to  acc description of target
#       ------------------- ---------- ----- -------------------- ---------- ----- --------- ------ ----- --- --- --------- --------- ------ ----- ----- ----- ----- ----- ----- ----- ---- ---------------------
scf00000001:137307-137945|+ -            213 3895at2085           -            150   1.4e-48  159.9   4.2   1   1   2.7e-47   4.6e-45  148.4   4.2     1   149     6   189     6   190 0.82 scf00000001_118 # 137307 # 137945 # 1 # ID=2_118;partial=00;start_type=ATG;rbs_motif=AGxAGG/AGGxGG;rbs_spacer=11-12bp;gc_cont=0.290
scf00000000:624983-625672|+ -            230 3895at2085           -            150   1.2e-06   23.8   1.4   1   3   8.2e-08   1.4e-05   20.3   0.0     4    37    10    43     7    63 0.84 scf00000000_449 # 624983 # 625672 # 1 # ID=1_449;partial=00;start_type=ATG;rbs_motif=4Base/6BMM;rbs_spacer=13-15bp;gc_cont=0.300
scf00000000:624983-625672|+ -            230 3895at2085           -            150   1.2e-06   23.8   1.4   2   3     0.088        15    0.7   0.0    60    85   108   133    83   142 0.83 scf00000000_449 # 624983 # 625672 # 1 # ID=1_449;partial=00;start_type=ATG;rbs_motif=4Base/6BMM;rbs_spacer=13-15bp;gc_cont=0.300
scf00000000:624983-625672|+ -            230 3895at2085           -            150   1.2e-06   23.8   1.4   3   3      0.17        28   -0.2   0.1    45    94   170   216   154   226 0.55 scf00000000_449 # 624983 # 625672 # 1 # ID=1_449;partial=00;start_type=ATG;rbs_motif=4Base/6BMM;rbs_spacer=13-15bp;gc_cont=0.300
scf00000001:153174-153755|+ -            194 3895at2085           -            150   0.00094   14.4   0.2   1   2   5.5e-06   0.00094   14.4   0.2     2    36     5    40     3   103 0.80 scf00000001_139 # 153174 # 153755 # 1 # ID=2_139;partial=00;start_type=ATG;rbs_motif=GGA/GAG/AGG;rbs_spacer=5-10bp;gc_cont=0.271
scf00000001:153174-153755|+ -            194 3895at2085           -            150   0.00094   14.4   0.2   2   2      0.16        27   -0.1   0.5    37    69   146   178   131   191 0.56 scf00000001_139 # 153174 # 153755 # 1 # ID=2_139;partial=00;start_type=ATG;rbs_motif=GGA/GAG/AGG;rbs_spacer=5-10bp;gc_cont=0.271
scf00000000:158256-159212|+ -            319 3895at2085           -            150    0.0019   13.4   0.0   1   1   3.1e-05    0.0053   11.9   0.0     2    24    42    64    41   120 0.80 scf00000000_123 # 158256 # 159212 # 1 # ID=1_123;partial=00;start_type=ATG;rbs_motif=None;rbs_spacer=None;gc_cont=0.316
#
# Program:         hmmsearch
# Version:         3.4 (Aug 2023)
# Pipeline mode:   SEARCH
# Query file:      /home/bryan/Documentos/GitHub/Project_doctoral/IMPLEMENTACAO/Genomes/M_hyopneumoniae/strains/11/Use/busco_downloads/lineages/mycoplasmatales_odb10/hmms/3895at2085.hmm
# Target file:     /home/bryan/Documentos/GitHub/Project_doctoral/IMPLEMENTACAO/Genomes/M_hyopneumoniae/strains/11/Use/busco_complete/prodigal_output/predicted_genes/predicted.faa
# Option settings: hmmsearch --domtblout /home/bryan/Documentos/GitHub/Project_doctoral/IMPLEMENTACAO/Genomes/M_hyopneumoniae/strains/11/Use/busco_complete/run_mycoplasmatales_odb10/hmmer_output/3895at2085.out --cpu 1 /home/bryan/Documentos/GitHub/Project_doctoral/IMPLEMENTACAO/Genomes/M_hyopneumoniae/strains/11/Use/busco_downloads/lineages/mycoplasmatales_odb10/hmms/3895at2085.hmm /home/bryan/Documentos/GitHub/Project_doctoral/IMPLEMENTACAO/Genomes/M_hyopneumoniae/strains/11/Use/busco_complete/prodigal_output/predicted_genes/predicted.faa 
# Current dir:     /home/bryan/Documentos/GitHub/Project_doctoral/IMPLEMENTACAO/Genomes/M_hyopneumoniae/strains/11/Use
# Date:            Sun Dec  1 19:10:40 2024
# [ok]
