#                                                                                       --- full sequence --- -------------- this domain -------------   hmm coord   ali coord   env coord
# target name                   accession   tlen query name           accession   qlen   E-value  score  bias   #  of  c-Evalue  i-Evalue  score  bias  from    to  from    to  from    to  acc description of target
#           ------------------- ---------- ----- -------------------- ---------- ----- --------- ------ ----- --- --- --------- --------- ------ ----- ----- ----- ----- ----- ----- ----- ---- ---------------------
NZ_QQSN01000023.1:6577-7533|+   -            319 1978at2085           -            276  1.8e-109  361.1  12.5   1   1  1.4e-111  2.6e-109  360.5  12.5     1   275     8   313     8   314 0.92 NZ_QQSN01000023.1_6 # 6577 # 7533 # 1 # ID=16_6;partial=00;start_type=ATG;rbs_motif=None;rbs_spacer=None;gc_cont=0.320
NZ_QQSN01000006.1:27317-29470|- -            718 1978at2085           -            276   9.1e-08   27.5   9.6   1   1   4.1e-09   7.6e-07   24.4   9.6     1   226    15   259    15   306 0.57 NZ_QQSN01000006.1_24 # 27317 # 29470 # -1 # ID=56_24;partial=00;start_type=GTG;rbs_motif=GGA/GAG/AGG;rbs_spacer=5-10bp;gc_cont=0.264
NZ_QQSN01000001.1:58365-59054|+ -            230 1978at2085           -            276   3.3e-05   19.1   2.2   1   2   0.00023     0.043    8.8   0.0    36    57     9    30     5    46 0.87 NZ_QQSN01000001.1_47 # 58365 # 59054 # 1 # ID=11_47;partial=00;start_type=ATG;rbs_motif=4Base/6BMM;rbs_spacer=13-15bp;gc_cont=0.296
NZ_QQSN01000001.1:58365-59054|+ -            230 1978at2085           -            276   3.3e-05   19.1   2.2   2   2   0.00014     0.025    9.6   0.6    93   167   122   195    79   228 0.74 NZ_QQSN01000001.1_47 # 58365 # 59054 # 1 # ID=11_47;partial=00;start_type=ATG;rbs_motif=4Base/6BMM;rbs_spacer=13-15bp;gc_cont=0.296
NZ_QQSN01000011.1:21885-24032|- -            716 1978at2085           -            276   0.00011   17.4   0.0   1   2   2.1e-06   0.00039   15.5   0.0    30    96   260   334   226   338 0.73 NZ_QQSN01000011.1_14 # 21885 # 24032 # -1 # ID=1_14;partial=00;start_type=ATG;rbs_motif=GGAGG;rbs_spacer=5-10bp;gc_cont=0.368
NZ_QQSN01000011.1:21885-24032|- -            716 1978at2085           -            276   0.00011   17.4   0.0   2   2      0.81   1.5e+02   -2.8   0.0   160   190   401   435   368   452 0.52 NZ_QQSN01000011.1_14 # 21885 # 24032 # -1 # ID=1_14;partial=00;start_type=ATG;rbs_motif=GGAGG;rbs_spacer=5-10bp;gc_cont=0.368
#
# Program:         hmmsearch
# Version:         3.4 (Aug 2023)
# Pipeline mode:   SEARCH
# Query file:      /home/bryan/Documentos/GitHub/Project_doctoral/IMPLEMENTACAO/Genomes/M_hyopneumoniae/strains/MHP650/Use/busco_downloads/lineages/mycoplasmatales_odb10/hmms/1978at2085.hmm
# Target file:     /home/bryan/Documentos/GitHub/Project_doctoral/IMPLEMENTACAO/Genomes/M_hyopneumoniae/strains/MHP650/Use/busco_draft/prodigal_output/predicted_genes/predicted.faa
# Option settings: hmmsearch --domtblout /home/bryan/Documentos/GitHub/Project_doctoral/IMPLEMENTACAO/Genomes/M_hyopneumoniae/strains/MHP650/Use/busco_draft/run_mycoplasmatales_odb10/hmmer_output/1978at2085.out --cpu 1 /home/bryan/Documentos/GitHub/Project_doctoral/IMPLEMENTACAO/Genomes/M_hyopneumoniae/strains/MHP650/Use/busco_downloads/lineages/mycoplasmatales_odb10/hmms/1978at2085.hmm /home/bryan/Documentos/GitHub/Project_doctoral/IMPLEMENTACAO/Genomes/M_hyopneumoniae/strains/MHP650/Use/busco_draft/prodigal_output/predicted_genes/predicted.faa 
# Current dir:     /home/bryan/Documentos/GitHub/Project_doctoral/IMPLEMENTACAO/Genomes/M_hyopneumoniae/strains/MHP650/Use
# Date:            Sun Dec  1 19:21:37 2024
# [ok]
