#                                                                                     --- full sequence --- -------------- this domain -------------   hmm coord   ali coord   env coord
# target name                 accession   tlen query name           accession   qlen   E-value  score  bias   #  of  c-Evalue  i-Evalue  score  bias  from    to  from    to  from    to  acc description of target
#         ------------------- ---------- ----- -------------------- ---------- ----- --------- ------ ----- --- --- --------- --------- ------ ----- ----- ----- ----- ----- ----- ----- ---- ---------------------
NZ_LR214992.1:271945-273294|+ -            450 1184at2085           -            356    2e-138  456.6   8.5   1   1    4e-140  7.3e-138  454.8   8.5     1   356    22   449    22   449 0.82 NZ_LR214992.1_216 # 271945 # 273294 # 1 # ID=1_216;partial=00;start_type=ATG;rbs_motif=None;rbs_spacer=None;gc_cont=0.324
NZ_LR214992.1:402111-403112|- -            334 1184at2085           -            356   6.1e-25   83.4   2.7   1   1   4.8e-27   8.8e-25   82.8   2.7   127   352    81   328    74   331 0.77 NZ_LR214992.1_296 # 402111 # 403112 # -1 # ID=1_296;partial=00;start_type=GTG;rbs_motif=AGGA/GGAG/GAGG;rbs_spacer=11-12bp;gc_cont=0.258
NZ_LR214993.1:69207-70910|-   -            568 1184at2085           -            356   1.7e-11   39.1   0.5   1   2   7.7e-07   0.00014   16.4   0.4    25   196    64   252    19   293 0.68 NZ_LR214993.1_62 # 69207 # 70910 # -1 # ID=2_62;partial=00;start_type=ATG;rbs_motif=GGA/GAG/AGG;rbs_spacer=5-10bp;gc_cont=0.322
NZ_LR214993.1:69207-70910|-   -            568 1184at2085           -            356   1.7e-11   39.1   0.5   2   2   3.6e-08   6.7e-06   20.7   0.0   266   354   442   541   433   543 0.66 NZ_LR214993.1_62 # 69207 # 70910 # -1 # ID=2_62;partial=00;start_type=ATG;rbs_motif=GGA/GAG/AGG;rbs_spacer=5-10bp;gc_cont=0.322
NZ_LR214993.1:118759-120225|- -            489 1184at2085           -            356   1.8e-10   35.8   1.2   1   2   3.1e-07   5.7e-05   17.7   1.6   138   234   231   330    95   345 0.83 NZ_LR214993.1_96 # 118759 # 120225 # -1 # ID=2_96;partial=00;start_type=ATG;rbs_motif=GGA/GAG/AGG;rbs_spacer=11-12bp;gc_cont=0.311
NZ_LR214993.1:118759-120225|- -            489 1184at2085           -            356   1.8e-10   35.8   1.2   2   2   1.4e-06   0.00025   15.5   0.0   321   350   454   483   430   487 0.88 NZ_LR214993.1_96 # 118759 # 120225 # -1 # ID=2_96;partial=00;start_type=ATG;rbs_motif=GGA/GAG/AGG;rbs_spacer=11-12bp;gc_cont=0.311
#
# Program:         hmmsearch
# Version:         3.4 (Aug 2023)
# Pipeline mode:   SEARCH
# Query file:      /home/lgef/Documentos/GitHub/Project_doctoral/IMPLEMENTACAO/Genomes/M_hyopneumoniae/MHP_ncbi_dataset/ncbi_dataset/data/strains/NCTC10127/Use/busco_downloads/lineages/mycoplasmatales_odb10/hmms/1184at2085.hmm
# Target file:     /home/lgef/Documentos/GitHub/Project_doctoral/IMPLEMENTACAO/Genomes/M_hyopneumoniae/MHP_ncbi_dataset/ncbi_dataset/data/strains/NCTC10127/Use/busco_complete/prodigal_output/predicted_genes/predicted.faa
# Option settings: hmmsearch --domtblout /home/lgef/Documentos/GitHub/Project_doctoral/IMPLEMENTACAO/Genomes/M_hyopneumoniae/MHP_ncbi_dataset/ncbi_dataset/data/strains/NCTC10127/Use/busco_complete/run_mycoplasmatales_odb10/hmmer_output/1184at2085.out --cpu 1 /home/lgef/Documentos/GitHub/Project_doctoral/IMPLEMENTACAO/Genomes/M_hyopneumoniae/MHP_ncbi_dataset/ncbi_dataset/data/strains/NCTC10127/Use/busco_downloads/lineages/mycoplasmatales_odb10/hmms/1184at2085.hmm /home/lgef/Documentos/GitHub/Project_doctoral/IMPLEMENTACAO/Genomes/M_hyopneumoniae/MHP_ncbi_dataset/ncbi_dataset/data/strains/NCTC10127/Use/busco_complete/prodigal_output/predicted_genes/predicted.faa 
# Current dir:     /home/lgef/Documentos/GitHub/Project_doctoral/IMPLEMENTACAO/Genomes/M_hyopneumoniae/MHP_ncbi_dataset/ncbi_dataset/data/strains/NCTC10127/Use
# Date:            Thu Nov 28 19:23:36 2024
# [ok]
