#                                                                                       --- full sequence --- -------------- this domain -------------   hmm coord   ali coord   env coord
# target name                   accession   tlen query name           accession   qlen   E-value  score  bias   #  of  c-Evalue  i-Evalue  score  bias  from    to  from    to  from    to  acc description of target
#           ------------------- ---------- ----- -------------------- ---------- ----- --------- ------ ----- --- --- --------- --------- ------ ----- ----- ----- ----- ----- ----- ----- ---- ---------------------
NZ_QQRE01000005.1:22751-24490|- -            580 539at2085            -            541  6.8e-247  815.6  15.9   1   1  3.8e-249  7.8e-247  815.4  15.9     1   540     8   573     8   574 0.97 NZ_QQRE01000005.1_22 # 22751 # 24490 # -1 # ID=54_22;partial=00;start_type=ATG;rbs_motif=None;rbs_spacer=None;gc_cont=0.299
NZ_QQRE01000008.1:1212-2000|+   -            263 539at2085            -            541     1e-08   29.5   2.7   1   2   4.9e-11     1e-08   29.5   2.7   408   533    20   157    13   165 0.74 NZ_QQRE01000008.1_4 # 1212 # 2000 # 1 # ID=66_4;partial=00;start_type=ATG;rbs_motif=None;rbs_spacer=None;gc_cont=0.308
NZ_QQRE01000008.1:1212-2000|+   -            263 539at2085            -            541     1e-08   29.5   2.7   2   2      0.11        23   -1.4   0.1    48    82   168   201   154   255 0.46 NZ_QQRE01000008.1_4 # 1212 # 2000 # 1 # ID=66_4;partial=00;start_type=ATG;rbs_motif=None;rbs_spacer=None;gc_cont=0.308
NZ_QQRE01000004.1:43018-44259|+ -            414 539at2085            -            541   0.00041   14.3   0.7   1   3       0.4        83   -3.3   0.4    74    84    52    62    13    99 0.48 NZ_QQRE01000004.1_33 # 43018 # 44259 # 1 # ID=43_33;partial=00;start_type=ATG;rbs_motif=None;rbs_spacer=None;gc_cont=0.333
NZ_QQRE01000004.1:43018-44259|+ -            414 539at2085            -            541   0.00041   14.3   0.7   2   3   1.2e-05    0.0024   11.7   0.0   173   362   156   347   129   352 0.76 NZ_QQRE01000004.1_33 # 43018 # 44259 # 1 # ID=43_33;partial=00;start_type=ATG;rbs_motif=None;rbs_spacer=None;gc_cont=0.333
NZ_QQRE01000004.1:43018-44259|+ -            414 539at2085            -            541   0.00041   14.3   0.7   3   3     0.033       6.9    0.3   0.0   412   449   362   397   355   408 0.80 NZ_QQRE01000004.1_33 # 43018 # 44259 # 1 # ID=43_33;partial=00;start_type=ATG;rbs_motif=None;rbs_spacer=None;gc_cont=0.333
#
# Program:         hmmsearch
# Version:         3.1b2 (February 2015)
# Pipeline mode:   SEARCH
# Query file:      /home/lgef/Documentos/GitHub/Project_doctoral/IMPLEMENTACAO/Genomes/M_flocculare/MFC_ncbi_dataset/ncbi_dataset/data/strains/MF11/Use/busco_downloads/lineages/mycoplasmatales_odb10/hmms/539at2085.hmm
# Target file:     /home/lgef/Documentos/GitHub/Project_doctoral/IMPLEMENTACAO/Genomes/M_flocculare/MFC_ncbi_dataset/ncbi_dataset/data/strains/MF11/Use/busco_draft/prodigal_output/predicted_genes/predicted.faa
# Option settings: hmmsearch --domtblout /home/lgef/Documentos/GitHub/Project_doctoral/IMPLEMENTACAO/Genomes/M_flocculare/MFC_ncbi_dataset/ncbi_dataset/data/strains/MF11/Use/busco_draft/run_mycoplasmatales_odb10/hmmer_output/539at2085.out --cpu 1 /home/lgef/Documentos/GitHub/Project_doctoral/IMPLEMENTACAO/Genomes/M_flocculare/MFC_ncbi_dataset/ncbi_dataset/data/strains/MF11/Use/busco_downloads/lineages/mycoplasmatales_odb10/hmms/539at2085.hmm /home/lgef/Documentos/GitHub/Project_doctoral/IMPLEMENTACAO/Genomes/M_flocculare/MFC_ncbi_dataset/ncbi_dataset/data/strains/MF11/Use/busco_draft/prodigal_output/predicted_genes/predicted.faa 
# Current dir:     /home/lgef/Documentos/GitHub/Project_doctoral/IMPLEMENTACAO/Genomes/M_flocculare/MFC_ncbi_dataset/ncbi_dataset/data/strains/MF11/Use
# Date:            Fri Nov 29 12:33:08 2024
# [ok]
