#                                                                                         --- full sequence --- -------------- this domain -------------   hmm coord   ali coord   env coord
# target name                     accession   tlen query name           accession   qlen   E-value  score  bias   #  of  c-Evalue  i-Evalue  score  bias  from    to  from    to  from    to  acc description of target
#             ------------------- ---------- ----- -------------------- ---------- ----- --------- ------ ----- --- --- --------- --------- ------ ----- ----- ----- ----- ----- ----- ----- ---- ---------------------
NZ_MWWN01000002.1:19820-20500|-   -            227 2452at2085           -            224   1.3e-70  232.8   0.3   1   1   6.5e-73   1.5e-70  232.6   0.3    32   220    14   221     5   226 0.86 NZ_MWWN01000002.1_21 # 19820 # 20500 # -1 # ID=2_21;partial=00;start_type=ATG;rbs_motif=GGA/GAG/AGG;rbs_spacer=11-12bp;gc_cont=0.295
NZ_MWWN01000002.1:108949-110415|- -            489 2452at2085           -            224   8.6e-07   24.1   0.5   1   3   4.7e-06    0.0011   14.0   0.1    91   144   236   287   215   303 0.85 NZ_MWWN01000002.1_86 # 108949 # 110415 # -1 # ID=2_86;partial=00;start_type=ATG;rbs_motif=GGA/GAG/AGG;rbs_spacer=11-12bp;gc_cont=0.311
NZ_MWWN01000002.1:108949-110415|- -            489 2452at2085           -            224   8.6e-07   24.1   0.5   2   3      0.15        35   -0.8   0.0    10    49   323   366   314   371 0.73 NZ_MWWN01000002.1_86 # 108949 # 110415 # -1 # ID=2_86;partial=00;start_type=ATG;rbs_motif=GGA/GAG/AGG;rbs_spacer=11-12bp;gc_cont=0.311
NZ_MWWN01000002.1:108949-110415|- -            489 2452at2085           -            224   8.6e-07   24.1   0.5   3   3    0.0011      0.24    6.3   0.0   193   213   457   477   440   480 0.90 NZ_MWWN01000002.1_86 # 108949 # 110415 # -1 # ID=2_86;partial=00;start_type=ATG;rbs_motif=GGA/GAG/AGG;rbs_spacer=11-12bp;gc_cont=0.311
NZ_MWWN01000003.1:145708-146709|- -            334 2452at2085           -            224   0.00015   16.7   0.8   1   2   3.8e-05    0.0086   11.0   0.2    89   148    97   153    70   165 0.75 NZ_MWWN01000003.1_96 # 145708 # 146709 # -1 # ID=3_96;partial=00;start_type=GTG;rbs_motif=AGGA/GGAG/GAGG;rbs_spacer=11-12bp;gc_cont=0.258
NZ_MWWN01000003.1:145708-146709|- -            334 2452at2085           -            224   0.00015   16.7   0.8   2   2    0.0057       1.3    3.9   0.0   192   213   299   320   289   324 0.87 NZ_MWWN01000003.1_96 # 145708 # 146709 # -1 # ID=3_96;partial=00;start_type=GTG;rbs_motif=AGGA/GGAG/GAGG;rbs_spacer=11-12bp;gc_cont=0.258
#
# Program:         hmmsearch
# Version:         3.4 (Aug 2023)
# Pipeline mode:   SEARCH
# Query file:      /home/lgef/Documentos/GitHub/Project_doctoral/IMPLEMENTACAO/Genomes/M_hyopneumoniae/MHP_ncbi_dataset/ncbi_dataset/data/strains/11/Use/busco_downloads/lineages/mycoplasmatales_odb10/hmms/2452at2085.hmm
# Target file:     /home/lgef/Documentos/GitHub/Project_doctoral/IMPLEMENTACAO/Genomes/M_hyopneumoniae/MHP_ncbi_dataset/ncbi_dataset/data/strains/11/Use/busco_draft/prodigal_output/predicted_genes/predicted.faa
# Option settings: hmmsearch --domtblout /home/lgef/Documentos/GitHub/Project_doctoral/IMPLEMENTACAO/Genomes/M_hyopneumoniae/MHP_ncbi_dataset/ncbi_dataset/data/strains/11/Use/busco_draft/run_mycoplasmatales_odb10/hmmer_output/2452at2085.out --cpu 1 /home/lgef/Documentos/GitHub/Project_doctoral/IMPLEMENTACAO/Genomes/M_hyopneumoniae/MHP_ncbi_dataset/ncbi_dataset/data/strains/11/Use/busco_downloads/lineages/mycoplasmatales_odb10/hmms/2452at2085.hmm /home/lgef/Documentos/GitHub/Project_doctoral/IMPLEMENTACAO/Genomes/M_hyopneumoniae/MHP_ncbi_dataset/ncbi_dataset/data/strains/11/Use/busco_draft/prodigal_output/predicted_genes/predicted.faa 
# Current dir:     /home/lgef/Documentos/GitHub/Project_doctoral/IMPLEMENTACAO/Genomes/M_hyopneumoniae/MHP_ncbi_dataset/ncbi_dataset/data/strains/11/Use
# Date:            Thu Nov 28 19:31:20 2024
# [ok]
