#                                                                                       --- full sequence --- -------------- this domain -------------   hmm coord   ali coord   env coord
# target name                   accession   tlen query name           accession   qlen   E-value  score  bias   #  of  c-Evalue  i-Evalue  score  bias  from    to  from    to  from    to  acc description of target
#           ------------------- ---------- ----- -------------------- ---------- ----- --------- ------ ----- --- --- --------- --------- ------ ----- ----- ----- ----- ----- ----- ----- ---- ---------------------
NZ_QQRB01000025.1:9421-10770|-  -            450 1184at2085           -            356  8.3e-139  457.9   8.3   1   1  1.6e-140    3e-138  456.1   8.3     1   356    22   449    22   449 0.82 NZ_QQRB01000025.1_9 # 9421 # 10770 # -1 # ID=17_9;partial=00;start_type=ATG;rbs_motif=None;rbs_spacer=None;gc_cont=0.320
NZ_QQRB01000007.1:13523-14524|- -            334 1184at2085           -            356   5.8e-25   83.4   2.7   1   1   4.6e-27   8.4e-25   82.9   2.7   127   352    81   328    74   331 0.77 NZ_QQRB01000007.1_5 # 13523 # 14524 # -1 # ID=72_5;partial=00;start_type=GTG;rbs_motif=AGGA/GGAG/GAGG;rbs_spacer=11-12bp;gc_cont=0.257
NZ_QQRB01000008.1:26787-28490|- -            568 1184at2085           -            356   1.7e-11   39.1   0.4   1   2   6.6e-07   0.00012   16.6   0.3    25   196    64   252    19   294 0.67 NZ_QQRB01000008.1_25 # 26787 # 28490 # -1 # ID=73_25;partial=00;start_type=ATG;rbs_motif=GGA/GAG/AGG;rbs_spacer=5-10bp;gc_cont=0.323
NZ_QQRB01000008.1:26787-28490|- -            568 1184at2085           -            356   1.7e-11   39.1   0.4   2   2   4.5e-08   8.2e-06   20.4   0.0   266   354   442   541   433   543 0.65 NZ_QQRB01000008.1_25 # 26787 # 28490 # -1 # ID=73_25;partial=00;start_type=ATG;rbs_motif=GGA/GAG/AGG;rbs_spacer=5-10bp;gc_cont=0.323
NZ_QQRB01000011.1:8970-10436|+  -            489 1184at2085           -            356   1.7e-10   35.8   1.0   1   2   2.9e-07   5.3e-05   17.8   1.3   138   235   231   331    95   345 0.82 NZ_QQRB01000011.1_9 # 8970 # 10436 # 1 # ID=2_9;partial=00;start_type=ATG;rbs_motif=GGA/GAG/AGG;rbs_spacer=11-12bp;gc_cont=0.314
NZ_QQRB01000011.1:8970-10436|+  -            489 1184at2085           -            356   1.7e-10   35.8   1.0   2   2   1.4e-06   0.00025   15.5   0.0   321   350   454   483   430   487 0.88 NZ_QQRB01000011.1_9 # 8970 # 10436 # 1 # ID=2_9;partial=00;start_type=ATG;rbs_motif=GGA/GAG/AGG;rbs_spacer=11-12bp;gc_cont=0.314
#
# Program:         hmmsearch
# Version:         3.4 (Aug 2023)
# Pipeline mode:   SEARCH
# Query file:      /home/lgef/Documentos/GitHub/Project_doctoral/IMPLEMENTACAO/Genomes/M_hyopneumoniae/MHP_ncbi_dataset/ncbi_dataset/data/strains/MHP653/Use/busco_downloads/lineages/mycoplasmatales_odb10/hmms/1184at2085.hmm
# Target file:     /home/lgef/Documentos/GitHub/Project_doctoral/IMPLEMENTACAO/Genomes/M_hyopneumoniae/MHP_ncbi_dataset/ncbi_dataset/data/strains/MHP653/Use/busco_draft/prodigal_output/predicted_genes/predicted.faa
# Option settings: hmmsearch --domtblout /home/lgef/Documentos/GitHub/Project_doctoral/IMPLEMENTACAO/Genomes/M_hyopneumoniae/MHP_ncbi_dataset/ncbi_dataset/data/strains/MHP653/Use/busco_draft/run_mycoplasmatales_odb10/hmmer_output/1184at2085.out --cpu 1 /home/lgef/Documentos/GitHub/Project_doctoral/IMPLEMENTACAO/Genomes/M_hyopneumoniae/MHP_ncbi_dataset/ncbi_dataset/data/strains/MHP653/Use/busco_downloads/lineages/mycoplasmatales_odb10/hmms/1184at2085.hmm /home/lgef/Documentos/GitHub/Project_doctoral/IMPLEMENTACAO/Genomes/M_hyopneumoniae/MHP_ncbi_dataset/ncbi_dataset/data/strains/MHP653/Use/busco_draft/prodigal_output/predicted_genes/predicted.faa 
# Current dir:     /home/lgef/Documentos/GitHub/Project_doctoral/IMPLEMENTACAO/Genomes/M_hyopneumoniae/MHP_ncbi_dataset/ncbi_dataset/data/strains/MHP653/Use
# Date:            Thu Nov 28 19:38:06 2024
# [ok]
