#                                                                                         --- full sequence --- -------------- this domain -------------   hmm coord   ali coord   env coord
# target name                     accession   tlen query name           accession   qlen   E-value  score  bias   #  of  c-Evalue  i-Evalue  score  bias  from    to  from    to  from    to  acc description of target
#             ------------------- ---------- ----- -------------------- ---------- ----- --------- ------ ----- --- --- --------- --------- ------ ----- ----- ----- ----- ----- ----- ----- ---- ---------------------
NZ_QQRO01000002.1:104883-106622|- -            580 539at2085            -            541  6.5e-247  815.6  15.9   1   1  3.8e-249  7.4e-247  815.4  15.9     1   540     8   573     8   574 0.97 NZ_QQRO01000002.1_108 # 104883 # 106622 # -1 # ID=21_108;partial=00;start_type=ATG;rbs_motif=None;rbs_spacer=None;gc_cont=0.299
NZ_QQRO01000008.1:15342-16277|-   -            312 539at2085            -            541   1.3e-08   29.0   2.4   1   2   6.6e-11   1.3e-08   29.0   2.4   408   532    69   205    61   213 0.74 NZ_QQRO01000008.1_13 # 15342 # 16277 # -1 # ID=30_13;partial=01;start_type=Edge;rbs_motif=None;rbs_spacer=None;gc_cont=0.314
NZ_QQRO01000008.1:15342-16277|-   -            312 539at2085            -            541   1.3e-08   29.0   2.4   2   2      0.17        34   -2.1   0.0    49    82   218   250   208   303 0.45 NZ_QQRO01000008.1_13 # 15342 # 16277 # -1 # ID=30_13;partial=01;start_type=Edge;rbs_motif=None;rbs_spacer=None;gc_cont=0.314
NZ_QQRO01000003.1:46393-47634|+   -            414 539at2085            -            541   0.00039   14.3   0.7   1   3       0.4        79   -3.3   0.4    74    84    52    62    13    99 0.48 NZ_QQRO01000003.1_36 # 46393 # 47634 # 1 # ID=25_36;partial=00;start_type=ATG;rbs_motif=None;rbs_spacer=None;gc_cont=0.332
NZ_QQRO01000003.1:46393-47634|+   -            414 539at2085            -            541   0.00039   14.3   0.7   2   3   1.2e-05    0.0023   11.7   0.0   173   362   156   347   129   352 0.76 NZ_QQRO01000003.1_36 # 46393 # 47634 # 1 # ID=25_36;partial=00;start_type=ATG;rbs_motif=None;rbs_spacer=None;gc_cont=0.332
NZ_QQRO01000003.1:46393-47634|+   -            414 539at2085            -            541   0.00039   14.3   0.7   3   3     0.033       6.5    0.3   0.0   412   449   362   397   355   408 0.80 NZ_QQRO01000003.1_36 # 46393 # 47634 # 1 # ID=25_36;partial=00;start_type=ATG;rbs_motif=None;rbs_spacer=None;gc_cont=0.332
#
# Program:         hmmsearch
# Version:         3.4 (Aug 2023)
# Pipeline mode:   SEARCH
# Query file:      /home/bryan/Documentos/GitHub/Project_doctoral/IMPLEMENTACAO/Genomes/M_flocculare/strains/MF18/Use/busco_downloads/lineages/mycoplasmatales_odb10/hmms/539at2085.hmm
# Target file:     /home/bryan/Documentos/GitHub/Project_doctoral/IMPLEMENTACAO/Genomes/M_flocculare/strains/MF18/Use/busco_draft/prodigal_output/predicted_genes/predicted.faa
# Option settings: hmmsearch --domtblout /home/bryan/Documentos/GitHub/Project_doctoral/IMPLEMENTACAO/Genomes/M_flocculare/strains/MF18/Use/busco_draft/run_mycoplasmatales_odb10/hmmer_output/539at2085.out --cpu 1 /home/bryan/Documentos/GitHub/Project_doctoral/IMPLEMENTACAO/Genomes/M_flocculare/strains/MF18/Use/busco_downloads/lineages/mycoplasmatales_odb10/hmms/539at2085.hmm /home/bryan/Documentos/GitHub/Project_doctoral/IMPLEMENTACAO/Genomes/M_flocculare/strains/MF18/Use/busco_draft/prodigal_output/predicted_genes/predicted.faa 
# Current dir:     /home/bryan/Documentos/GitHub/Project_doctoral/IMPLEMENTACAO/Genomes/M_flocculare/strains/MF18/Use
# Date:            Sun Dec  1 18:44:40 2024
# [ok]
