#                                                                                         --- full sequence --- -------------- this domain -------------   hmm coord   ali coord   env coord
# target name                     accession   tlen query name           accession   qlen   E-value  score  bias   #  of  c-Evalue  i-Evalue  score  bias  from    to  from    to  from    to  acc description of target
#             ------------------- ---------- ----- -------------------- ---------- ----- --------- ------ ----- --- --- --------- --------- ------ ----- ----- ----- ----- ----- ----- ----- ---- ---------------------
NZ_VBRW01000005.1:181924-183273|+ -            450 1184at2085           -            356  1.9e-138  456.7   8.3   1   1  3.7e-140  6.6e-138  454.9   8.3     1   356    22   449    22   449 0.82 NZ_VBRW01000005.1_148 # 181924 # 183273 # 1 # ID=5_148;partial=00;start_type=ATG;rbs_motif=None;rbs_spacer=None;gc_cont=0.323
NZ_VBRW01000006.1:53217-54218|-   -            334 1184at2085           -            356   5.9e-25   83.4   2.7   1   1   4.8e-27   8.5e-25   82.8   2.7   127   352    81   328    74   331 0.77 NZ_VBRW01000006.1_37 # 53217 # 54218 # -1 # ID=6_37;partial=00;start_type=ATG;rbs_motif=AGGA/GGAG/GAGG;rbs_spacer=11-12bp;gc_cont=0.257
NZ_VBRW01000003.1:58225-59928|+   -            568 1184at2085           -            356   5.1e-11   37.5   0.3   1   2     2e-06   0.00036   15.0   0.2    25   196    64   252    19   294 0.67 NZ_VBRW01000003.1_43 # 58225 # 59928 # 1 # ID=3_43;partial=00;start_type=ATG;rbs_motif=GGA/GAG/AGG;rbs_spacer=5-10bp;gc_cont=0.322
NZ_VBRW01000003.1:58225-59928|+   -            568 1184at2085           -            356   5.1e-11   37.5   0.3   2   2   4.5e-08   7.9e-06   20.4   0.0   266   354   442   541   433   543 0.65 NZ_VBRW01000003.1_43 # 58225 # 59928 # 1 # ID=3_43;partial=00;start_type=ATG;rbs_motif=GGA/GAG/AGG;rbs_spacer=5-10bp;gc_cont=0.322
NZ_VBRW01000003.1:8917-10383|+    -            489 1184at2085           -            356   1.7e-10   35.8   1.2   1   2   3.1e-07   5.5e-05   17.7   1.6   138   234   231   330    95   345 0.83 NZ_VBRW01000003.1_9 # 8917 # 10383 # 1 # ID=3_9;partial=00;start_type=ATG;rbs_motif=GGA/GAG/AGG;rbs_spacer=11-12bp;gc_cont=0.311
NZ_VBRW01000003.1:8917-10383|+    -            489 1184at2085           -            356   1.7e-10   35.8   1.2   2   2   1.4e-06   0.00024   15.5   0.0   321   350   454   483   430   487 0.88 NZ_VBRW01000003.1_9 # 8917 # 10383 # 1 # ID=3_9;partial=00;start_type=ATG;rbs_motif=GGA/GAG/AGG;rbs_spacer=11-12bp;gc_cont=0.311
#
# Program:         hmmsearch
# Version:         3.4 (Aug 2023)
# Pipeline mode:   SEARCH
# Query file:      /home/bryan/Documentos/GitHub/Project_doctoral/IMPLEMENTACAO/Genomes/M_hyopneumoniae/strains/UFV01/Use/busco_downloads/lineages/mycoplasmatales_odb10/hmms/1184at2085.hmm
# Target file:     /home/bryan/Documentos/GitHub/Project_doctoral/IMPLEMENTACAO/Genomes/M_hyopneumoniae/strains/UFV01/Use/busco_draft/prodigal_output/predicted_genes/predicted.faa
# Option settings: hmmsearch --domtblout /home/bryan/Documentos/GitHub/Project_doctoral/IMPLEMENTACAO/Genomes/M_hyopneumoniae/strains/UFV01/Use/busco_draft/run_mycoplasmatales_odb10/hmmer_output/1184at2085.out --cpu 1 /home/bryan/Documentos/GitHub/Project_doctoral/IMPLEMENTACAO/Genomes/M_hyopneumoniae/strains/UFV01/Use/busco_downloads/lineages/mycoplasmatales_odb10/hmms/1184at2085.hmm /home/bryan/Documentos/GitHub/Project_doctoral/IMPLEMENTACAO/Genomes/M_hyopneumoniae/strains/UFV01/Use/busco_draft/prodigal_output/predicted_genes/predicted.faa 
# Current dir:     /home/bryan/Documentos/GitHub/Project_doctoral/IMPLEMENTACAO/Genomes/M_hyopneumoniae/strains/UFV01/Use
# Date:            Sun Dec  1 19:08:32 2024
# [ok]
