#                                                                                       --- full sequence --- -------------- this domain -------------   hmm coord   ali coord   env coord
# target name                   accession   tlen query name           accession   qlen   E-value  score  bias   #  of  c-Evalue  i-Evalue  score  bias  from    to  from    to  from    to  acc description of target
#           ------------------- ---------- ----- -------------------- ---------- ----- --------- ------ ----- --- --- --------- --------- ------ ----- ----- ----- ----- ----- ----- ----- ---- ---------------------
NZ_VBRW01000004.1:24781-25461|+ -            227 2452at2085           -            224   1.5e-70  232.6   0.2   1   1   7.5e-73   1.8e-70  232.4   0.2    35   220    17   221     5   226 0.86 NZ_VBRW01000004.1_22 # 24781 # 25461 # 1 # ID=4_22;partial=00;start_type=ATG;rbs_motif=GGA/GAG/AGG;rbs_spacer=11-12bp;gc_cont=0.301
NZ_VBRW01000003.1:8917-10383|+  -            489 2452at2085           -            224     9e-07   24.1   0.5   1   3   4.7e-06    0.0011   14.0   0.1    91   144   236   287   215   303 0.85 NZ_VBRW01000003.1_9 # 8917 # 10383 # 1 # ID=3_9;partial=00;start_type=ATG;rbs_motif=GGA/GAG/AGG;rbs_spacer=11-12bp;gc_cont=0.311
NZ_VBRW01000003.1:8917-10383|+  -            489 2452at2085           -            224     9e-07   24.1   0.5   2   3      0.15        37   -0.8   0.0    10    49   323   366   314   371 0.73 NZ_VBRW01000003.1_9 # 8917 # 10383 # 1 # ID=3_9;partial=00;start_type=ATG;rbs_motif=GGA/GAG/AGG;rbs_spacer=11-12bp;gc_cont=0.311
NZ_VBRW01000003.1:8917-10383|+  -            489 2452at2085           -            224     9e-07   24.1   0.5   3   3    0.0011      0.25    6.3   0.0   193   213   457   477   440   480 0.90 NZ_VBRW01000003.1_9 # 8917 # 10383 # 1 # ID=3_9;partial=00;start_type=ATG;rbs_motif=GGA/GAG/AGG;rbs_spacer=11-12bp;gc_cont=0.311
NZ_VBRW01000006.1:53217-54218|- -            334 2452at2085           -            224   0.00019   16.5   1.0   1   2   4.1e-05    0.0097   10.9   0.2    89   148    97   153    76   165 0.74 NZ_VBRW01000006.1_37 # 53217 # 54218 # -1 # ID=6_37;partial=00;start_type=ATG;rbs_motif=AGGA/GGAG/GAGG;rbs_spacer=11-12bp;gc_cont=0.257
NZ_VBRW01000006.1:53217-54218|- -            334 2452at2085           -            224   0.00019   16.5   1.0   2   2    0.0057       1.4    3.9   0.0   192   213   299   320   289   324 0.87 NZ_VBRW01000006.1_37 # 53217 # 54218 # -1 # ID=6_37;partial=00;start_type=ATG;rbs_motif=AGGA/GGAG/GAGG;rbs_spacer=11-12bp;gc_cont=0.257
#
# Program:         hmmsearch
# Version:         3.4 (Aug 2023)
# Pipeline mode:   SEARCH
# Query file:      /home/bryan/Documentos/GitHub/Project_doctoral/IMPLEMENTACAO/Genomes/M_hyopneumoniae/strains/UFV01/Use/busco_downloads/lineages/mycoplasmatales_odb10/hmms/2452at2085.hmm
# Target file:     /home/bryan/Documentos/GitHub/Project_doctoral/IMPLEMENTACAO/Genomes/M_hyopneumoniae/strains/UFV01/Use/busco_draft/prodigal_output/predicted_genes/predicted.faa
# Option settings: hmmsearch --domtblout /home/bryan/Documentos/GitHub/Project_doctoral/IMPLEMENTACAO/Genomes/M_hyopneumoniae/strains/UFV01/Use/busco_draft/run_mycoplasmatales_odb10/hmmer_output/2452at2085.out --cpu 1 /home/bryan/Documentos/GitHub/Project_doctoral/IMPLEMENTACAO/Genomes/M_hyopneumoniae/strains/UFV01/Use/busco_downloads/lineages/mycoplasmatales_odb10/hmms/2452at2085.hmm /home/bryan/Documentos/GitHub/Project_doctoral/IMPLEMENTACAO/Genomes/M_hyopneumoniae/strains/UFV01/Use/busco_draft/prodigal_output/predicted_genes/predicted.faa 
# Current dir:     /home/bryan/Documentos/GitHub/Project_doctoral/IMPLEMENTACAO/Genomes/M_hyopneumoniae/strains/UFV01/Use
# Date:            Sun Dec  1 19:08:35 2024
# [ok]
