#                                                                                       --- full sequence --- -------------- this domain -------------   hmm coord   ali coord   env coord
# target name                   accession   tlen query name           accession   qlen   E-value  score  bias   #  of  c-Evalue  i-Evalue  score  bias  from    to  from    to  from    to  acc description of target
#           ------------------- ---------- ----- -------------------- ---------- ----- --------- ------ ----- --- --- --------- --------- ------ ----- ----- ----- ----- ----- ----- ----- ---- ---------------------
NZ_QQSN01000023.1:140-1489|+    -            450 1184at2085           -            356  2.2e-138  456.5   8.1   1   1  4.2e-140  7.8e-138  454.7   8.1     1   356    22   449    22   449 0.82 NZ_QQSN01000023.1_1 # 140 # 1489 # 1 # ID=16_1;partial=00;start_type=ATG;rbs_motif=None;rbs_spacer=None;gc_cont=0.324
NZ_QQSN01000013.1:8764-9765|+   -            334 1184at2085           -            356   6.5e-25   83.3   2.6   1   1   4.9e-27   9.1e-25   82.8   2.6   127   352    81   328    73   331 0.77 NZ_QQSN01000013.1_6 # 8764 # 9765 # 1 # ID=3_6;partial=00;start_type=GTG;rbs_motif=AGGA/GGAG/GAGG;rbs_spacer=11-12bp;gc_cont=0.259
NZ_QQSN01000006.1:46036-47739|- -            568 1184at2085           -            356   5.4e-11   37.5   0.3   1   2     2e-06   0.00038   15.0   0.2    25   196    64   252    19   294 0.67 NZ_QQSN01000006.1_39 # 46036 # 47739 # -1 # ID=56_39;partial=00;start_type=ATG;rbs_motif=GGA/GAG/AGG;rbs_spacer=5-10bp;gc_cont=0.324
NZ_QQSN01000006.1:46036-47739|- -            568 1184at2085           -            356   5.4e-11   37.5   0.3   2   2   4.5e-08   8.3e-06   20.4   0.0   266   354   442   541   433   543 0.65 NZ_QQSN01000006.1_39 # 46036 # 47739 # -1 # ID=56_39;partial=00;start_type=ATG;rbs_motif=GGA/GAG/AGG;rbs_spacer=5-10bp;gc_cont=0.324
NZ_QQSN01000011.1:20297-21763|- -            489 1184at2085           -            356   1.8e-10   35.8   1.2   1   2   3.1e-07   5.7e-05   17.7   1.6   138   234   231   330    95   345 0.83 NZ_QQSN01000011.1_13 # 20297 # 21763 # -1 # ID=1_13;partial=00;start_type=ATG;rbs_motif=GGA/GAG/AGG;rbs_spacer=11-12bp;gc_cont=0.312
NZ_QQSN01000011.1:20297-21763|- -            489 1184at2085           -            356   1.8e-10   35.8   1.2   2   2   1.4e-06   0.00026   15.5   0.0   321   350   454   483   430   487 0.88 NZ_QQSN01000011.1_13 # 20297 # 21763 # -1 # ID=1_13;partial=00;start_type=ATG;rbs_motif=GGA/GAG/AGG;rbs_spacer=11-12bp;gc_cont=0.312
#
# Program:         hmmsearch
# Version:         3.4 (Aug 2023)
# Pipeline mode:   SEARCH
# Query file:      /home/lgef/Documentos/GitHub/Project_doctoral/IMPLEMENTACAO/Genomes/M_hyopneumoniae/MHP_ncbi_dataset/ncbi_dataset/data/strains/MHP650/Use/busco_downloads/lineages/mycoplasmatales_odb10/hmms/1184at2085.hmm
# Target file:     /home/lgef/Documentos/GitHub/Project_doctoral/IMPLEMENTACAO/Genomes/M_hyopneumoniae/MHP_ncbi_dataset/ncbi_dataset/data/strains/MHP650/Use/busco_draft/prodigal_output/predicted_genes/predicted.faa
# Option settings: hmmsearch --domtblout /home/lgef/Documentos/GitHub/Project_doctoral/IMPLEMENTACAO/Genomes/M_hyopneumoniae/MHP_ncbi_dataset/ncbi_dataset/data/strains/MHP650/Use/busco_draft/run_mycoplasmatales_odb10/hmmer_output/1184at2085.out --cpu 1 /home/lgef/Documentos/GitHub/Project_doctoral/IMPLEMENTACAO/Genomes/M_hyopneumoniae/MHP_ncbi_dataset/ncbi_dataset/data/strains/MHP650/Use/busco_downloads/lineages/mycoplasmatales_odb10/hmms/1184at2085.hmm /home/lgef/Documentos/GitHub/Project_doctoral/IMPLEMENTACAO/Genomes/M_hyopneumoniae/MHP_ncbi_dataset/ncbi_dataset/data/strains/MHP650/Use/busco_draft/prodigal_output/predicted_genes/predicted.faa 
# Current dir:     /home/lgef/Documentos/GitHub/Project_doctoral/IMPLEMENTACAO/Genomes/M_hyopneumoniae/MHP_ncbi_dataset/ncbi_dataset/data/strains/MHP650/Use
# Date:            Thu Nov 28 19:37:13 2024
# [ok]
