#                                                                                       --- full sequence --- -------------- this domain -------------   hmm coord   ali coord   env coord
# target name                   accession   tlen query name           accession   qlen   E-value  score  bias   #  of  c-Evalue  i-Evalue  score  bias  from    to  from    to  from    to  acc description of target
#           ------------------- ---------- ----- -------------------- ---------- ----- --------- ------ ----- --- --- --------- --------- ------ ----- ----- ----- ----- ----- ----- ----- ---- ---------------------
NZ_QQSN01000006.1:6567-7247|-   -            227 2452at2085           -            224   1.7e-70  232.6   0.2   1   1   8.2e-73     2e-70  232.3   0.2    42   220    25   221     6   226 0.86 NZ_QQSN01000006.1_7 # 6567 # 7247 # -1 # ID=56_7;partial=00;start_type=ATG;rbs_motif=GGA/GAG/AGG;rbs_spacer=11-12bp;gc_cont=0.297
NZ_QQSN01000011.1:20297-21763|- -            489 2452at2085           -            224   9.4e-07   24.1   0.5   1   3   4.7e-06    0.0012   14.0   0.1    91   144   236   287   215   303 0.85 NZ_QQSN01000011.1_13 # 20297 # 21763 # -1 # ID=1_13;partial=00;start_type=ATG;rbs_motif=GGA/GAG/AGG;rbs_spacer=11-12bp;gc_cont=0.312
NZ_QQSN01000011.1:20297-21763|- -            489 2452at2085           -            224   9.4e-07   24.1   0.5   2   3      0.15        38   -0.8   0.0    10    49   323   366   314   371 0.73 NZ_QQSN01000011.1_13 # 20297 # 21763 # -1 # ID=1_13;partial=00;start_type=ATG;rbs_motif=GGA/GAG/AGG;rbs_spacer=11-12bp;gc_cont=0.312
NZ_QQSN01000011.1:20297-21763|- -            489 2452at2085           -            224   9.4e-07   24.1   0.5   3   3    0.0011      0.26    6.3   0.0   193   213   457   477   440   480 0.90 NZ_QQSN01000011.1_13 # 20297 # 21763 # -1 # ID=1_13;partial=00;start_type=ATG;rbs_motif=GGA/GAG/AGG;rbs_spacer=11-12bp;gc_cont=0.312
NZ_QQSN01000013.1:8764-9765|+   -            334 2452at2085           -            224   0.00016   16.8   0.9   1   2   2.7e-05    0.0068   11.5   0.1    88   148    96   153    11   165 0.81 NZ_QQSN01000013.1_6 # 8764 # 9765 # 1 # ID=3_6;partial=00;start_type=GTG;rbs_motif=AGGA/GGAG/GAGG;rbs_spacer=11-12bp;gc_cont=0.259
NZ_QQSN01000013.1:8764-9765|+   -            334 2452at2085           -            224   0.00016   16.8   0.9   2   2    0.0059       1.5    3.8   0.1   192   213   299   320   289   323 0.87 NZ_QQSN01000013.1_6 # 8764 # 9765 # 1 # ID=3_6;partial=00;start_type=GTG;rbs_motif=AGGA/GGAG/GAGG;rbs_spacer=11-12bp;gc_cont=0.259
#
# Program:         hmmsearch
# Version:         3.4 (Aug 2023)
# Pipeline mode:   SEARCH
# Query file:      /home/lgef/Documentos/GitHub/Project_doctoral/IMPLEMENTACAO/Genomes/M_hyopneumoniae/MHP_ncbi_dataset/ncbi_dataset/data/strains/MHP650/Use/busco_downloads/lineages/mycoplasmatales_odb10/hmms/2452at2085.hmm
# Target file:     /home/lgef/Documentos/GitHub/Project_doctoral/IMPLEMENTACAO/Genomes/M_hyopneumoniae/MHP_ncbi_dataset/ncbi_dataset/data/strains/MHP650/Use/busco_draft/prodigal_output/predicted_genes/predicted.faa
# Option settings: hmmsearch --domtblout /home/lgef/Documentos/GitHub/Project_doctoral/IMPLEMENTACAO/Genomes/M_hyopneumoniae/MHP_ncbi_dataset/ncbi_dataset/data/strains/MHP650/Use/busco_draft/run_mycoplasmatales_odb10/hmmer_output/2452at2085.out --cpu 1 /home/lgef/Documentos/GitHub/Project_doctoral/IMPLEMENTACAO/Genomes/M_hyopneumoniae/MHP_ncbi_dataset/ncbi_dataset/data/strains/MHP650/Use/busco_downloads/lineages/mycoplasmatales_odb10/hmms/2452at2085.hmm /home/lgef/Documentos/GitHub/Project_doctoral/IMPLEMENTACAO/Genomes/M_hyopneumoniae/MHP_ncbi_dataset/ncbi_dataset/data/strains/MHP650/Use/busco_draft/prodigal_output/predicted_genes/predicted.faa 
# Current dir:     /home/lgef/Documentos/GitHub/Project_doctoral/IMPLEMENTACAO/Genomes/M_hyopneumoniae/MHP_ncbi_dataset/ncbi_dataset/data/strains/MHP650/Use
# Date:            Thu Nov 28 19:37:14 2024
# [ok]
