#                                                                                       --- full sequence --- -------------- this domain -------------   hmm coord   ali coord   env coord
# target name                   accession   tlen query name           accession   qlen   E-value  score  bias   #  of  c-Evalue  i-Evalue  score  bias  from    to  from    to  from    to  acc description of target
#           ------------------- ---------- ----- -------------------- ---------- ----- --------- ------ ----- --- --- --------- --------- ------ ----- ----- ----- ----- ----- ----- ----- ---- ---------------------
NZ_QQRH01000018.1:12755-14194|- -            480 1529at2085           -            392  7.6e-153  504.5  18.6   1   2  2.4e-147  5.6e-145  478.6  12.8     1   341     1   372     1   387 0.90 NZ_QQRH01000018.1_13 # 12755 # 14194 # -1 # ID=9_13;partial=00;start_type=ATG;rbs_motif=None;rbs_spacer=None;gc_cont=0.308
NZ_QQRH01000018.1:12755-14194|- -            480 1529at2085           -            392  7.6e-153  504.5  18.6   2   2   5.7e-09   1.3e-06   23.0   0.5   334   386   386   448   377   451 0.85 NZ_QQRH01000018.1_13 # 12755 # 14194 # -1 # ID=9_13;partial=00;start_type=ATG;rbs_motif=None;rbs_spacer=None;gc_cont=0.308
NZ_QQRH01000002.1:42643-44010|- -            456 1529at2085           -            392   1.2e-08   29.8   1.4   1   2   2.5e-06   0.00058   14.3   0.5    82   159   143   222   119   275 0.75 NZ_QQRH01000002.1_33 # 42643 # 44010 # -1 # ID=22_33;partial=00;start_type=ATG;rbs_motif=AGGA;rbs_spacer=5-10bp;gc_cont=0.301
NZ_QQRH01000002.1:42643-44010|- -            456 1529at2085           -            392   1.2e-08   29.8   1.4   2   2   2.5e-06   0.00059   14.3   0.0   295   341   394   440   354   454 0.85 NZ_QQRH01000002.1_33 # 42643 # 44010 # -1 # ID=22_33;partial=00;start_type=ATG;rbs_motif=AGGA;rbs_spacer=5-10bp;gc_cont=0.301
NZ_QQRH01000012.1:11402-12643|+ -            414 1529at2085           -            392   1.4e-06   23.0   0.1   1   2      0.04       9.3    0.5   0.2   306   368    37   101    18   105 0.75 NZ_QQRH01000012.1_7 # 11402 # 12643 # 1 # ID=3_7;partial=00;start_type=ATG;rbs_motif=None;rbs_spacer=None;gc_cont=0.318
NZ_QQRH01000012.1:11402-12643|+ -            414 1529at2085           -            392   1.4e-06   23.0   0.1   2   2   4.6e-08   1.1e-05   20.0   0.0   103   246   225   377   169   400 0.82 NZ_QQRH01000012.1_7 # 11402 # 12643 # 1 # ID=3_7;partial=00;start_type=ATG;rbs_motif=None;rbs_spacer=None;gc_cont=0.318
#
# Program:         hmmsearch
# Version:         3.4 (Aug 2023)
# Pipeline mode:   SEARCH
# Query file:      /home/bryan/Documentos/GitHub/Project_doctoral/IMPLEMENTACAO/Genomes/M_hyopneumoniae/strains/MHP696/Use/busco_downloads/lineages/mycoplasmatales_odb10/hmms/1529at2085.hmm
# Target file:     /home/bryan/Documentos/GitHub/Project_doctoral/IMPLEMENTACAO/Genomes/M_hyopneumoniae/strains/MHP696/Use/busco_draft/prodigal_output/predicted_genes/predicted.faa
# Option settings: hmmsearch --domtblout /home/bryan/Documentos/GitHub/Project_doctoral/IMPLEMENTACAO/Genomes/M_hyopneumoniae/strains/MHP696/Use/busco_draft/run_mycoplasmatales_odb10/hmmer_output/1529at2085.out --cpu 1 /home/bryan/Documentos/GitHub/Project_doctoral/IMPLEMENTACAO/Genomes/M_hyopneumoniae/strains/MHP696/Use/busco_downloads/lineages/mycoplasmatales_odb10/hmms/1529at2085.hmm /home/bryan/Documentos/GitHub/Project_doctoral/IMPLEMENTACAO/Genomes/M_hyopneumoniae/strains/MHP696/Use/busco_draft/prodigal_output/predicted_genes/predicted.faa 
# Current dir:     /home/bryan/Documentos/GitHub/Project_doctoral/IMPLEMENTACAO/Genomes/M_hyopneumoniae/strains/MHP696/Use
# Date:            Sun Dec  1 19:15:37 2024
# [ok]
