#                                                                                       --- full sequence --- -------------- this domain -------------   hmm coord   ali coord   env coord
# target name                   accession   tlen query name           accession   qlen   E-value  score  bias   #  of  c-Evalue  i-Evalue  score  bias  from    to  from    to  from    to  acc description of target
#           ------------------- ---------- ----- -------------------- ---------- ----- --------- ------ ----- --- --- --------- --------- ------ ----- ----- ----- ----- ----- ----- ----- ---- ---------------------
NZ_QQRB01000025.1:3374-4330|-   -            319 1978at2085           -            276  1.8e-109  361.0  12.5   1   1  1.5e-111  2.7e-109  360.4  12.5     1   275     8   313     8   314 0.92 NZ_QQRB01000025.1_4 # 3374 # 4330 # -1 # ID=17_4;partial=00;start_type=ATG;rbs_motif=None;rbs_spacer=None;gc_cont=0.318
NZ_QQRB01000008.1:8041-10194|-  -            718 1978at2085           -            276     1e-07   27.3   9.7   1   1   4.5e-09   8.4e-07   24.3   9.7     1   226    15   259    15   307 0.57 NZ_QQRB01000008.1_11 # 8041 # 10194 # -1 # ID=73_11;partial=00;start_type=GTG;rbs_motif=GGA/GAG/AGG;rbs_spacer=5-10bp;gc_cont=0.264
NZ_QQRB01000001.1:22285-22974|- -            230 1978at2085           -            276   3.2e-05   19.1   2.2   1   2   0.00023     0.043    8.8   0.0    36    57     9    30     5    46 0.87 NZ_QQRB01000001.1_20 # 22285 # 22974 # -1 # ID=11_20;partial=00;start_type=ATG;rbs_motif=4Base/6BMM;rbs_spacer=13-15bp;gc_cont=0.297
NZ_QQRB01000001.1:22285-22974|- -            230 1978at2085           -            276   3.2e-05   19.1   2.2   2   2   0.00014     0.025    9.6   0.6    93   167   122   195    79   228 0.74 NZ_QQRB01000001.1_20 # 22285 # 22974 # -1 # ID=11_20;partial=00;start_type=ATG;rbs_motif=4Base/6BMM;rbs_spacer=13-15bp;gc_cont=0.297
NZ_QQRB01000011.1:6701-8848|+   -            716 1978at2085           -            276    0.0001   17.4   0.0   1   2   2.1e-06   0.00039   15.5   0.0    30    96   260   334   226   338 0.73 NZ_QQRB01000011.1_8 # 6701 # 8848 # 1 # ID=2_8;partial=00;start_type=ATG;rbs_motif=GGAGG;rbs_spacer=5-10bp;gc_cont=0.370
NZ_QQRB01000011.1:6701-8848|+   -            716 1978at2085           -            276    0.0001   17.4   0.0   2   2      0.81   1.5e+02   -2.8   0.0   160   190   401   435   368   452 0.52 NZ_QQRB01000011.1_8 # 6701 # 8848 # 1 # ID=2_8;partial=00;start_type=ATG;rbs_motif=GGAGG;rbs_spacer=5-10bp;gc_cont=0.370
#
# Program:         hmmsearch
# Version:         3.4 (Aug 2023)
# Pipeline mode:   SEARCH
# Query file:      /home/bryan/Documentos/GitHub/Project_doctoral/IMPLEMENTACAO/Genomes/M_hyopneumoniae/strains/MHP653/Use/busco_downloads/lineages/mycoplasmatales_odb10/hmms/1978at2085.hmm
# Target file:     /home/bryan/Documentos/GitHub/Project_doctoral/IMPLEMENTACAO/Genomes/M_hyopneumoniae/strains/MHP653/Use/busco_draft/prodigal_output/predicted_genes/predicted.faa
# Option settings: hmmsearch --domtblout /home/bryan/Documentos/GitHub/Project_doctoral/IMPLEMENTACAO/Genomes/M_hyopneumoniae/strains/MHP653/Use/busco_draft/run_mycoplasmatales_odb10/hmmer_output/1978at2085.out --cpu 1 /home/bryan/Documentos/GitHub/Project_doctoral/IMPLEMENTACAO/Genomes/M_hyopneumoniae/strains/MHP653/Use/busco_downloads/lineages/mycoplasmatales_odb10/hmms/1978at2085.hmm /home/bryan/Documentos/GitHub/Project_doctoral/IMPLEMENTACAO/Genomes/M_hyopneumoniae/strains/MHP653/Use/busco_draft/prodigal_output/predicted_genes/predicted.faa 
# Current dir:     /home/bryan/Documentos/GitHub/Project_doctoral/IMPLEMENTACAO/Genomes/M_hyopneumoniae/strains/MHP653/Use
# Date:            Sun Dec  1 19:23:06 2024
# [ok]
