#                                                                                         --- full sequence --- -------------- this domain -------------   hmm coord   ali coord   env coord
# target name                     accession   tlen query name           accession   qlen   E-value  score  bias   #  of  c-Evalue  i-Evalue  score  bias  from    to  from    to  from    to  acc description of target
#             ------------------- ---------- ----- -------------------- ---------- ----- --------- ------ ----- --- --- --------- --------- ------ ----- ----- ----- ----- ----- ----- ----- ---- ---------------------
NZ_MWWN01000003.1:15544-16893|+   -            450 1184at2085           -            356  1.9e-138  456.6   8.5   1   1    4e-140  6.8e-138  454.8   8.5     1   356    22   449    22   449 0.82 NZ_MWWN01000003.1_15 # 15544 # 16893 # 1 # ID=3_15;partial=00;start_type=ATG;rbs_motif=None;rbs_spacer=None;gc_cont=0.324
NZ_MWWN01000003.1:145708-146709|- -            334 1184at2085           -            356   5.6e-25   83.4   2.7   1   1   4.8e-27   8.2e-25   82.8   2.7   127   352    81   328    74   331 0.77 NZ_MWWN01000003.1_96 # 145708 # 146709 # -1 # ID=3_96;partial=00;start_type=GTG;rbs_motif=AGGA/GGAG/GAGG;rbs_spacer=11-12bp;gc_cont=0.258
NZ_MWWN01000002.1:59388-61091|-   -            568 1184at2085           -            356   1.6e-11   39.1   0.5   1   2   7.7e-07   0.00013   16.4   0.4    25   196    64   252    19   293 0.68 NZ_MWWN01000002.1_52 # 59388 # 61091 # -1 # ID=2_52;partial=00;start_type=ATG;rbs_motif=GGA/GAG/AGG;rbs_spacer=5-10bp;gc_cont=0.321
NZ_MWWN01000002.1:59388-61091|-   -            568 1184at2085           -            356   1.6e-11   39.1   0.5   2   2   3.6e-08   6.2e-06   20.7   0.0   266   354   442   541   433   543 0.66 NZ_MWWN01000002.1_52 # 59388 # 61091 # -1 # ID=2_52;partial=00;start_type=ATG;rbs_motif=GGA/GAG/AGG;rbs_spacer=5-10bp;gc_cont=0.321
NZ_MWWN01000002.1:108949-110415|- -            489 1184at2085           -            356   1.7e-10   35.8   1.2   1   2   3.1e-07   5.2e-05   17.7   1.6   138   234   231   330    95   345 0.83 NZ_MWWN01000002.1_86 # 108949 # 110415 # -1 # ID=2_86;partial=00;start_type=ATG;rbs_motif=GGA/GAG/AGG;rbs_spacer=11-12bp;gc_cont=0.311
NZ_MWWN01000002.1:108949-110415|- -            489 1184at2085           -            356   1.7e-10   35.8   1.2   2   2   1.4e-06   0.00023   15.5   0.0   321   350   454   483   430   487 0.88 NZ_MWWN01000002.1_86 # 108949 # 110415 # -1 # ID=2_86;partial=00;start_type=ATG;rbs_motif=GGA/GAG/AGG;rbs_spacer=11-12bp;gc_cont=0.311
#
# Program:         hmmsearch
# Version:         3.4 (Aug 2023)
# Pipeline mode:   SEARCH
# Query file:      /home/bryan/Documentos/GitHub/Project_doctoral/IMPLEMENTACAO/Genomes/M_hyopneumoniae/strains/11/Use/busco_downloads/lineages/mycoplasmatales_odb10/hmms/1184at2085.hmm
# Target file:     /home/bryan/Documentos/GitHub/Project_doctoral/IMPLEMENTACAO/Genomes/M_hyopneumoniae/strains/11/Use/busco_draft/prodigal_output/predicted_genes/predicted.faa
# Option settings: hmmsearch --domtblout /home/bryan/Documentos/GitHub/Project_doctoral/IMPLEMENTACAO/Genomes/M_hyopneumoniae/strains/11/Use/busco_draft/run_mycoplasmatales_odb10/hmmer_output/1184at2085.out --cpu 1 /home/bryan/Documentos/GitHub/Project_doctoral/IMPLEMENTACAO/Genomes/M_hyopneumoniae/strains/11/Use/busco_downloads/lineages/mycoplasmatales_odb10/hmms/1184at2085.hmm /home/bryan/Documentos/GitHub/Project_doctoral/IMPLEMENTACAO/Genomes/M_hyopneumoniae/strains/11/Use/busco_draft/prodigal_output/predicted_genes/predicted.faa 
# Current dir:     /home/bryan/Documentos/GitHub/Project_doctoral/IMPLEMENTACAO/Genomes/M_hyopneumoniae/strains/11/Use
# Date:            Sun Dec  1 19:09:50 2024
# [ok]
